0.00000000 0.00496714
0.00502513 0.09895076
0.01005025 0.20613111
0.01507538 0.31219037
0.02010050 0.38892740
0.02512563 0.47928763
0.03015075 0.58292048
0.03517588 0.65457844
0.04020101 0.71545637
0.04522613 0.79155579
0.05025126 0.83954126
0.05527638 0.88904375
0.06030151 0.93662682
0.06532663 0.94615229
0.07035176 0.96937190
0.07537688 0.99237696
0.08040201 0.98917822
0.08542714 0.99367043
0.09045226 0.96267249
0.09547739 0.92904728
0.10050251 0.91972568
0.10552764 0.85557612
0.11055276 0.80261637
0.11557789 0.72370742
0.12060302 0.66107726
0.12562814 0.58946979
0.13065327 0.49275222
0.13567839 0.41883159
0.14070352 0.31569164
0.14572864 0.22215785
0.15075377 0.12016296
0.15577889 0.04453461
0.16080402 -0.07455386
0.16582915 -0.18467566
0.17085427 -0.26379571
0.17587940 -0.37940691
0.18090452 -0.45658128
0.18592965 -0.56510905
0.19095477 -0.64013119
0.19597990 -0.69989138
0.20100503 -0.76240263
0.20603015 -0.82823203
0.21105528 -0.88288459
0.21608040 -0.92762291
0.22110553 -0.97294944
0.22613065 -0.98924497
0.23115578 -1.00062416
0.23618090 -0.98936573
0.24120603 -0.99032833
0.24623116 -0.99519315
0.25125628 -0.94825433
0.25628141 -0.91967568
0.26130653 -0.87768102
0.26633166 -0.81109252
0.27135678 -0.74494929
0.27638191 -0.67637421
0.28140704 -0.61758679
0.28643216 -0.52964619
0.29145729 -0.43528677
0.29648241 -0.33646283
0.30150754 -0.25513477
0.30653266 -0.15379785
0.31155779 -0.06306941
0.31658291 0.03649194
0.32160804 0.15655031
0.32663317 0.26046056
0.33165829 0.34215941
0.33668342 0.44543576
0.34170854 0.52714354
0.34673367 0.59991916
0.35175879 0.68670784
0.35678392 0.76830383
0.36180905 0.81479608
0.36683417 0.88480491
0.37185930 0.88819338
0.37688442 0.95861396
0.38190955 0.97767787
0.38693467 0.99037160
0.39195980 1.00080830
0.39698492 0.97645287
0.40201005 0.98051450
0.40703518 0.96274724
0.41206030 0.94073969
0.41708543 0.87821765
0.42211055 0.82383952
0.42713568 0.76703500
0.43216080 0.71354294
0.43718593 0.63290392
0.44221106 0.54319204
0.44723618 0.46696005
0.45226131 0.37147501
0.45728643 0.28512832
0.46231156 0.17057914
0.46733668 0.07468847
0.47236181 -0.02637741
0.47738693 -0.13728627
0.48241206 -0.21864688
0.48743719 -0.31571796
0.49246231 -0.41178516
0.49748744 -0.50353359
0.50251256 -0.59963474
0.50753769 -0.66807197
0.51256281 -0.73897725
0.51758794 -0.80783410
0.52261307 -0.85761351
0.52763819 -0.89951049
0.53266332 -0.92312062
0.53768844 -0.96916146
0.54271357 -0.98745784
0.54773869 -0.99991224
0.55276382 -1.01740607
0.55778894 -0.98745980
0.56281407 -0.96560565
0.56783920 -0.91083760
0.57286432 -0.89721469
0.57788945 -0.84306117
0.58291457 -0.78867049
0.58793970 -0.73430093
0.59296482 -0.63818389
0.59798995 -0.56253470
0.60301508 -0.47683250
0.60804020 -0.40363333
0.61306533 -0.28632636
0.61809045 -0.21715640
0.62311558 -0.09800279
0.62814070 0.01834802
0.63316583 0.08688882
0.63819095 0.19050505
0.64321608 0.29455861
0.64824121 0.38295871
0.65326633 0.46300246
0.65829146 0.56488113
0.66331658 0.63356485
0.66834171 0.72241490
0.67336683 0.77473282
0.67839196 0.85776290
0.68341709 0.88426718
0.68844221 0.92971195
0.69346734 0.97248520
0.69849246 0.97372638
0.70351759 1.00004330
0.70854271 1.01250406
0.71356784 0.97493521
0.71859296 0.97443227
0.72361809 0.94694505
0.72864322 0.91439417
0.73366834 0.84728675
0.73869347 0.79085614
0.74371859 0.74556978
0.74874372 0.67213806
0.75376884 0.59373758
0.75879397 0.51079470
0.76381910 0.41150743
0.76884422 0.32738601
0.77386935 0.23146937
0.77889447 0.12256383
0.78391960 0.04822474
0.78894472 -0.06613341
0.79396985 -0.18250826
0.79899497 -0.26203148
0.80402010 -0.37363488
0.80904523 -0.44763581
0.81407035 -0.53094220
0.81909548 -0.63228115
0.82412060 -0.68968841
0.82914573 -0.76338448
0.83417085 -0.81973587
0.83919598 -0.86107678
0.84422111 -0.92570518
0.84924623 -0.96467757
0.85427136 -0.99026456
0.85929648 -1.00385250
0.86432161 -1.00074158
0.86934673 -0.99074326
0.87437186 -0.97553882
0.87939698 -0.94431153
0.88442211 -0.91711727
0.88944724 -0.85811878
0.89447236 -0.82190047
0.89949749 -0.73038386
0.90452261 -0.68201480
0.90954774 -0.62058275
0.91457286 -0.54028322
0.91959799 -0.43696810
0.92462312 -0.35178730
0.92964824 -0.24664473
0.93467337 -0.15072317
0.93969849 -0.05628574
0.94472362 0.03643340
0.94974874 0.12975850
0.95477387 0.23898502
0.95979899 0.34810039
0.96482412 0.43433689
0.96984925 0.50803628
0.97487437 0.60527023
0.97989950 0.68434529
0.98492462 0.74173954
0.98994975 0.81462633
0.99497487 0.86797624
1.00000000 0.90151555
1.22500000 0.50357787
1.45000000 0.50560785
1.67500000 0.51083051
1.90000000 0.51053802
2.12500000 0.48622331
2.35000000 0.49062175
2.57500000 0.50515035
2.80000000 0.50513786
3.02500000 0.50515048
3.25000000 0.53852731
3.47500000 0.50570891
3.70000000 0.51135566
3.92500000 0.50954002
4.15000000 0.50651391
4.37500000 0.49684731
4.60000000 0.50758969
4.82500000 0.49227175
5.05000000 0.49763181
5.27500000 0.49514636
5.50000000 0.50081874
5.72500000 0.52314659
5.95000000 0.48132735
6.17500000 0.50686260
6.40000000 0.48387284
6.62500000 0.49528068
6.85000000 0.51088951
7.07500000 0.50064280
7.30000000 0.48922255
7.52500000 0.49284696
7.75000000 0.50679598
7.97500000 0.49269633
8.20000000 0.50216459
8.42500000 0.50045572
8.65000000 0.49348400
8.87500000 0.52143944
9.10000000 0.50633919
9.32500000 0.47974857
9.55000000 0.50186454
9.77500000 0.49338214
10.00000000 0.50852433
