0.00000000 0.00248357
0.00264550 0.02576062
0.00529101 0.05612381
0.00793651 0.08689694
0.01058201 0.10445196
0.01322751 0.13071905
0.01587302 0.16596052
0.01851852 0.18796573
0.02116402 0.20771642
0.02380952 0.23856483
0.02645503 0.25915812
0.02910053 0.28458675
0.03174603 0.31336460
0.03439153 0.32760933
0.03703704 0.35333612
0.03968254 0.38368094
0.04232804 0.40568942
0.04497354 0.43629854
0.04761905 0.45385668
0.05026455 0.47468399
0.05291005 0.51208531
0.05555556 0.52628650
0.05820106 0.55004225
0.06084656 0.56448538
0.06349206 0.59039170
0.06613757 0.61475765
0.06878307 0.62910764
0.07142857 0.65695639
0.07407407 0.67183155
0.07671958 0.69266085
0.07936508 0.70990959
0.08201058 0.74047941
0.08465608 0.74893870
0.08730159 0.76098162
0.08994709 0.78711063
0.09259259 0.79307346
0.09523810 0.81584248
0.09788360 0.82005007
0.10052910 0.83767701
0.10317460 0.85918088
0.10582011 0.87516695
0.10846561 0.88499963
0.11111111 0.89561396
0.11375661 0.90610892
0.11640212 0.91100889
0.11904762 0.92494662
0.12169312 0.93573717
0.12433862 0.95216403
0.12698413 0.95677191
0.12962963 0.95374564
0.13227513 0.97101466
0.13492063 0.97362382
0.13756614 0.97763690
0.14021164 0.98886562
0.14285714 0.99505807
0.14550265 0.99796255
0.14814815 0.99181799
0.15079365 0.99647891
0.15343915 1.00099374
0.15608466 1.00482823
0.15873016 0.99746792
0.16137566 0.99814905
0.16402116 0.99206005
0.16666667 0.98942692
0.16931217 0.99659021
0.17195767 0.99573380
0.17460317 0.98432547
0.17724868 0.98474700
0.17989418 0.97589569
0.18253968 0.96453839
0.18518519 0.96257018
0.18783069 0.96078023
0.19047619 0.94457076
0.19312169 0.94357179
0.19576720 0.91299367
0.19841270 0.91989762
0.20105820 0.90527816
0.20370370 0.89176948
0.20634921 0.88151977
0.20899471 0.85830299
0.21164021 0.85371472
0.21428571 0.84257267
0.21693122 0.83356219
0.21957672 0.80838881
0.22222222 0.79117759
0.22486772 0.77639465
0.22751323 0.76661872
0.23015873 0.74629045
0.23280423 0.72408175
0.23544974 0.71087216
0.23809524 0.68987078
0.24074074 0.67482575
0.24338624 0.64660051
0.24603175 0.62814576
0.24867725 0.60705608
0.25132275 0.58050538
0.25396825 0.56769853
0.25661376 0.54552192
0.25925926 0.52186006
0.26190476 0.49791422
0.26455026 0.46891369
0.26719577 0.45045759
0.26984127 0.42710080
0.27248677 0.40075645
0.27513228 0.37963161
0.27777778 0.35786225
0.28042328 0.34042785
0.28306878 0.30679309
0.28571429 0.28191715
0.28835979 0.25476997
0.29100529 0.21988259
0.29365079 0.20351753
0.29629630 0.17798239
0.29894180 0.16390423
0.30158730 0.12442692
0.30423280 0.10060941
0.30687831 0.07257171
0.30952381 0.04049457
0.31216931 0.02561233
0.31481481 -0.00279578
0.31746032 -0.02904937
0.32010582 -0.06397744
0.32275132 -0.07880093
0.32539683 -0.11914849
0.32804233 -0.13545080
0.33068783 -0.15358182
0.33333333 -0.19552064
0.33597884 -0.21929995
0.33862434 -0.24171922
0.34126984 -0.27031435
0.34391534 -0.30094238
0.34656085 -0.31803315
0.34920635 -0.34865158
0.35185185 -0.36569592
0.35449735 -0.39712724
0.35714286 -0.40897198
0.35978836 -0.44453782
0.36243386 -0.46582340
0.36507937 -0.48341218
0.36772487 -0.51655961
0.37037037 -0.53183631
0.37301587 -0.54863323
0.37566138 -0.58501317
0.37830688 -0.59745562
0.38095238 -0.61806364
0.38359788 -0.63600476
0.38624339 -0.66620162
0.38888889 -0.68626024
0.39153439 -0.69621370
0.39417989 -0.71601487
0.39682540 -0.73442160
0.39947090 -0.75160125
0.40211640 -0.77386583
0.40476190 -0.78589746
0.40740741 -0.80163559
0.41005291 -0.82215289
0.41269841 -0.82415959
0.41534392 -0.84544332
0.41798942 -0.86749970
0.42063492 -0.87138818
0.42328042 -0.89206001
0.42592593 -0.89514595
0.42857143 -0.90455397
0.43121693 -0.92507884
0.43386243 -0.92614251
0.43650794 -0.93822793
0.43915344 -0.94485595
0.44179894 -0.94749258
0.44444444 -0.96554406
0.44708995 -0.97475152
0.44973545 -0.98141661
0.45238095 -0.98635058
0.45502646 -0.98727210
0.45767196 -0.98910525
0.46031746 -0.99265858
0.46296296 -0.99244148
0.46560847 -0.99835032
0.46825397 -0.99228687
0.47089947 -1.00131752
0.47354497 -0.98613327
0.47619048 -0.99564601
0.47883598 -1.00140139
0.48148148 -1.00011352
0.48412698 -0.98929399
0.48677249 -0.98907693
0.48941799 -0.97995149
0.49206349 -0.97602887
0.49470899 -0.97294807
0.49735450 -0.97032612
0.50000000 -0.96649851
0.69000000 0.18517568
0.88000000 -0.17951285
1.07000000 -0.53682051
1.26000000 -0.82540942
1.45000000 -0.96922636
1.64000000 -0.98658381
1.83000000 -0.87744801
2.02000000 -0.62131950
2.21000000 -0.28765855
2.40000000 0.07606928
2.59000000 0.45433293
2.78000000 0.75530942
2.97000000 0.95251814
3.16000000 1.00986044
3.35000000 0.90060645
3.54000000 0.68960992
3.73000000 0.38901839
3.92000000 0.01911904
4.11000000 -0.35274991
4.30000000 -0.64019273
4.49000000 -0.89699732
4.68000000 -0.98654699
4.87000000 -0.94118755
5.06000000 -0.76139758
5.25000000 -0.47868962
5.44000000 -0.10772747
5.63000000 0.25362673
5.82000000 0.59837124
6.01000000 0.84956230
6.20000000 0.98701104
6.39000000 1.00041448
6.58000000 0.81024331
6.77000000 0.56916459
6.96000000 0.19933682
7.15000000 -0.16683376
7.34000000 -0.50567436
7.53000000 -0.79667195
7.72000000 -0.97508961
7.91000000 -1.00088348
8.10000000 -0.87457651
8.29000000 -0.65057214
8.48000000 -0.31122430
8.67000000 0.06165785
8.86000000 0.42054539
9.05000000 0.75343094
9.24000000 0.93882703
9.43000000 0.97969404
9.62000000 0.92660468
9.81000000 0.71098360
10.00000000 0.41660640
