-0.07500000 0.59650065
-0.04691233 0.64406502
-0.04303244 0.64947771
-0.04128746 0.64849245
-0.04024226 0.65635135
-0.03534918 0.65843971
-0.02907592 0.66983829
-0.02660082 0.66492568
-0.02659720 0.67143529
-0.02442138 0.66958331
-0.02272625 0.67356606
-0.02248932 0.67836301
-0.02004893 0.67862949
-0.01814913 0.67729531
-0.00631563 0.68794699
-0.00617830 0.69228986
-0.00436366 0.69144024
-0.00430793 0.69153042
0.00495428 0.69830777
0.00618102 0.69600420
0.01479175 0.69980609
0.01602287 0.70371210
0.01841050 0.69699620
0.02713517 0.70287558
0.02871346 0.69455645
0.03886219 0.69641359
0.03979877 0.69388892
0.04016725 0.69964363
0.04113173 0.69377245
0.04177793 0.69482353
0.05263495 0.69258290
0.05621089 0.68968855
0.05979909 0.68903525
0.06777639 0.67887548
0.07125960 0.67944882
0.07486640 0.66826063
0.07992642 0.66760372
0.09233283 0.65508912
0.09260715 0.64746181
0.09484480 0.64722492
0.09548648 0.64560551
0.22500000 0.36903304
0.31637931 0.18307404
0.40775862 0.06191621
0.49913793 0.02082963
0.59051724 0.00437006
0.68189655 0.00010447
0.77327586 0.00027355
0.86465517 -0.00396630
0.95603448 -0.00043868
1.04741379 0.00071426
1.13879310 0.00295579
1.23017241 -0.00103654
1.32155172 -0.00161699
1.41293103 -0.00100351
1.50431034 0.00183080
1.59568966 0.00065750
1.68706897 -0.00105952
1.77844828 0.00102653
1.86982759 0.00019416
1.96120690 0.00193730
2.05258621 -0.00140392
2.14396552 -0.00065250
2.23534483 -0.00075169
2.32672414 -0.00264062
2.41810345 0.00252298
2.50948276 0.01048584
2.60086207 0.03937190
2.69224138 0.11856701
2.78362069 0.27274342
2.87500000 0.48753214
2.95248817 0.64125866
2.95553304 0.64854036
2.95611627 0.65128976
2.95772181 0.64738617
2.96354347 0.66242723
2.96797981 0.65986437
2.97173423 0.66968485
2.97797778 0.67690707
2.98564563 0.68846430
2.98593428 0.68400529
2.98630829 0.68412903
2.98776734 0.68095210
2.99179697 0.68379955
2.99272607 0.68360823
2.99513175 0.69400074
2.99811701 0.69484256
2.99848044 0.69358811
3.00064228 0.69359218
3.00454444 0.69297948
3.00516747 0.69203463
3.02341791 0.70101131
3.02458728 0.70068047
3.02540185 0.70234366
3.02781859 0.69715275
3.03036620 0.70203881
3.03863394 0.70361157
3.04143465 0.69776108
3.04484587 0.69757231
3.04502946 0.69259714
3.05082033 0.69345198
3.05163465 0.69136342
3.05545284 0.69433987
3.05923245 0.68841894
3.06424294 0.68081961
3.07529537 0.66977185
3.08623988 0.66079759
3.09143646 0.64908368
3.09436709 0.65057077
3.09576731 0.64513242
3.09784757 0.64097749
3.22500000 0.36732567
3.31637931 0.17831314
3.40775862 0.06700149
3.49913793 0.01986813
3.59051724 0.00474935
3.68189655 0.00235685
3.77327586 0.00011604
3.86465517 0.00291590
3.95603448 -0.00052865
4.04741379 0.00544038
4.13879310 0.00125134
4.23017241 -0.00171432
4.32155172 -0.00214178
4.41293103 0.00096494
4.50431034 -0.00044693
4.59568966 0.00142800
4.68706897 0.00094648
4.77844828 -0.00014566
4.86982759 -0.00169359
4.96120690 -0.00302968
5.05258621 -0.00089284
5.14396552 0.00171562
5.23534483 0.00046071
5.32672414 -0.00220507
5.41810345 0.00227711
5.50948276 0.01073437
5.60086207 0.03759396
5.69224138 0.11934364
5.78362069 0.27569058
5.87500000 0.48608749
5.95457504 0.63687469
5.95539134 0.64565917
5.95560223 0.64501291
5.95775226 0.65462918
5.96280212 0.65367806
5.96409729 0.65821359
5.96905908 0.67071110
5.98237315 0.68033427
5.99298119 0.68583058
5.99403878 0.68900142
6.00069927 0.69651466
6.00392367 0.69266491
6.00402860 0.69134818
6.00633744 0.69155188
6.01983970 0.70103328
6.02522744 0.69803943
6.02670136 0.69854275
6.02833649 0.69558491
6.02970319 0.69978300
6.03109527 0.69663949
6.03139670 0.70186577
6.03674202 0.70225823
6.03862499 0.69774534
6.04343357 0.70052843
6.04561449 0.69664294
6.04749459 0.69557055
6.05455236 0.68830123
6.05529503 0.68601322
6.05537261 0.69230122
6.06111529 0.68610242
6.06549903 0.68054889
6.06936890 0.68104889
6.06974428 0.68322873
6.07140417 0.67780821
6.07151701 0.67877707
6.07339008 0.67350158
6.08006085 0.66325448
6.08160596 0.65894155
6.08350080 0.66906676
6.08698608 0.65725910
6.22500000 0.36950282
6.31637931 0.17874432
6.40775862 0.06729530
6.49913793 0.01841520
6.59051724 0.00442300
6.68189655 0.00202675
6.77327586 0.00326207
6.86465517 -0.00246680
6.95603448 0.00426673
7.04741379 -0.00390414
7.13879310 -0.00030357
7.23017241 0.00117663
7.32155172 0.00056198
7.41293103 -0.00124540
7.50431034 -0.00041624
7.59568966 -0.00098600
7.68706897 -0.00117873
7.77844828 0.00169920
7.86982759 0.00071403
7.96120690 -0.00138581
8.05258621 0.00179939
8.14396552 0.00061743
8.23534483 0.00165825
8.32672414 0.00154566
8.41810345 0.00027275
8.50948276 0.00884337
8.60086207 0.04085626
8.69224138 0.12025693
8.78362069 0.27553236
8.87500000 0.48860808
8.95162565 0.63921799
8.95863381 0.65672142
8.96368092 0.65920292
8.96369300 0.65827904
8.96546858 0.65925637
8.96756005 0.66455575
8.97144875 0.67517648
8.99398162 0.69137698
8.99789705 0.69278913
8.99800744 0.69446006
8.99929968 0.69143762
9.00112053 0.69437738
9.00263725 0.69703827
9.00580271 0.69341788
9.00838025 0.69685616
9.01434910 0.69942676
9.01622958 0.70559857
9.01726683 0.70053567
9.02416305 0.70148615
9.02578786 0.70092577
9.03242933 0.70225990
9.03601568 0.70324047
9.04477558 0.69530737
9.05087777 0.69321214
9.06263066 0.67997412
9.06285618 0.68416978
9.06318143 0.67963896
9.06422659 0.68055179
9.06646194 0.68173960
9.06844272 0.67685949
9.06873686 0.67919295
9.07396862 0.67807798
9.07876191 0.66695216
9.08315563 0.66082534
9.08432848 0.66118720
9.08538294 0.65969167
9.08580730 0.65973334
9.08961360 0.65324762
9.09250930 0.64829090
9.09259107 0.65221560
9.22500000 0.36742525
9.31637931 0.17874597
9.40775862 0.06290790
9.49913793 0.01813432
9.59051724 0.00267770
9.68189655 0.00100327
9.77327586 0.00077354
9.86465517 0.00376117
9.95603448 0.00190151
10.04741379 -0.00115377
10.13879310 -0.00179683
10.23017241 0.00098384
10.32155172 -0.00264047
10.41293103 0.00366292
10.50431034 0.00235888
10.59568966 -0.00093835
10.68706897 -0.00342627
10.77844828 0.00270774
10.86982759 -0.00022908
10.96120690 0.00247564
11.05258621 -0.00318867
11.14396552 -0.00119592
11.23534483 0.00004301
11.32672414 0.00038037
11.41810345 0.00103061
11.50948276 0.01120943
11.60086207 0.03722643
11.69224138 0.11875143
11.78362069 0.27581476
11.87500000 0.48940231
11.95218170 0.64370337
11.95431740 0.64311676
11.96703364 0.66446041
11.97010228 0.66672570
11.97045572 0.66536057
11.97206102 0.67103461
11.98194462 0.67964850
11.98429642 0.67548551
11.98873666 0.68878425
12.00223832 0.69249388
12.00258813 0.69405989
12.00372441 0.69695764
12.00883661 0.69892255
12.00948142 0.69276236
12.01052243 0.69527779
12.01562124 0.70128805
12.01887036 0.69919556
12.02381744 0.70922098
12.02709842 0.69912553
12.02802453 0.69970952
12.02804616 0.69835448
12.03278603 0.69636418
12.03414070 0.70057698
12.03848765 0.69730259
12.04271924 0.69257893
12.04304643 0.69276831
12.04331301 0.70035458
12.05073598 0.68980131
12.05075510 0.69234268
12.05561197 0.69547703
12.06327059 0.68212582
12.06584776 0.67838196
12.06754795 0.67310939
12.07782723 0.67229695
12.07935456 0.67261533
12.08149804 0.66355610
12.08562380 0.65843263
12.08898814 0.65654540
12.09242809 0.65013958
12.09700489 0.64140801
12.12500000 0.59650065
