0.00000000 0.00248357
0.00438903 0.03442089
0.01241404 0.10255078
0.02280605 0.19006356
0.03511221 0.27972693
0.04907081 0.39139579
0.06450525 0.52393809
0.08128591 0.65412445
0.09931233 0.79215131
0.11850372 0.95074254
0.13879321 1.10802857
0.16012430 1.27866573
0.18244841 1.46079708
0.20572318 1.63621908
0.22991127 1.83066559
0.25497940 2.03702378
0.28089770 2.24211745
0.30763914 2.46268438
0.33517913 2.67689291
0.36349514 2.90089963
0.39256647 3.14786002
0.42237398 3.37786294
0.45289991 3.62353690
0.48412774 3.86589815
0.51587226 4.12425619
0.54710009 4.37735535
0.57762602 4.61525322
0.60743353 4.86134672
0.63650486 5.08903566
0.66482087 5.31710850
0.69236086 5.53587832
0.71910230 5.76207978
0.74502060 5.96009729
0.77008873 6.15542127
0.79427682 6.35832724
0.81755159 6.53430851
0.83987570 6.72004993
0.86120679 6.87985599
0.88149628 7.04532933
0.90068767 7.20648563
0.91871409 7.35340505
0.93549475 7.48481481
0.95092919 7.60685529
0.96488779 7.71759678
0.97719395 7.81015898
0.98758596 7.89708844
0.99561097 7.96258459
1.00000000 8.00528561
1.01170407 7.97099491
1.03310411 7.90428651
1.06081614 7.84197806
1.09363257 7.75228910
1.13085549 7.65311973
1.17201401 7.55152161
1.21676243 7.43615363
1.26483289 7.30947006
1.31600991 7.16627789
1.37011522 7.02690149
1.42699813 6.88078623
1.48652909 6.72773886
1.54859516 6.55754183
1.61309673 6.38969280
1.67994507 6.20961251
1.74906054 6.02773506
1.82037105 5.85058863
1.89381101 5.66052729
1.96932038 5.45517395
2.04684392 5.25705236
2.12633061 5.04519034
2.20773309 4.82647505
2.29100730 4.61291282
2.37565937 4.39658434
2.45893358 4.17012022
2.54033606 3.96444106
2.61982274 3.73486657
2.69734629 3.54857551
2.77285565 3.34668914
2.84629562 3.15197896
2.91760613 2.96674271
2.98672159 2.77491797
3.05356994 2.60828055
3.11807151 2.44184786
3.18013758 2.28452833
3.23966854 2.11827873
3.29655145 1.96750998
3.35065675 1.82701724
3.40183377 1.69976335
3.44990424 1.57064512
3.49465266 1.44888797
3.53581118 1.34606200
3.57303410 1.24627088
3.60585053 1.16448558
3.63356256 1.08338803
3.65496260 1.02908488
3.66666667 0.99803946
3.67837074 1.02340561
3.69977078 1.08837889
3.72748280 1.16094763
3.76029923 1.24581106
3.79752216 1.34232273
3.83868068 1.44445992
3.88342909 1.56689814
3.93149956 1.69347277
3.98267658 1.82551464
4.03678189 1.97074602
4.09366479 2.12289034
4.15319576 2.28656979
4.21526183 2.44093518
4.27976339 2.61066666
4.34661174 2.78448359
4.41572720 2.95669005
4.48703771 3.15334143
4.56047768 3.34655506
4.63598705 3.55678221
4.71351059 3.74700350
4.79299727 3.95812558
4.87439975 4.17012579
4.95767396 4.38305077
5.04232604 4.61681996
5.12560025 4.83346031
5.20700273 5.04733732
5.28648941 5.24748776
5.36401295 5.46254797
5.43952232 5.64673684
5.51296229 5.84946028
5.58427280 6.04466837
5.65338826 6.21019150
5.72023661 6.38778961
5.78473817 6.56043596
5.84680424 6.72034376
5.90633521 6.87137660
5.96321811 7.02879037
6.01732342 7.16516246
6.06850044 7.30718162
6.11657091 7.42640151
6.16131932 7.55621290
6.20247784 7.65258807
6.23970077 7.75260420
6.27251720 7.84442523
6.30022922 7.90694739
6.32162926 7.97041411
6.33333333 8.00653571
6.34503740 7.96123940
6.36643744 7.91402488
6.39414947 7.84165706
6.42696590 7.75812363
6.46418882 7.65031958
6.50534734 7.54186094
6.55009576 7.43360834
6.59816623 7.30629858
6.64934325 7.17172644
6.70344855 7.03017979
6.76033146 6.87572979
6.81986242 6.72402241
6.88192849 6.56140307
6.94643006 6.38704934
7.01327841 6.22447305
7.08239387 6.03608526
7.15370438 5.84056948
7.22714435 5.65702886
7.30265371 5.45066059
7.38017726 5.25597012
7.45966394 5.04917514
7.54106642 4.82559723
7.62434063 4.61592272
7.70899270 4.39095806
7.79226691 4.17440965
7.87366939 3.96610180
7.95315608 3.74673836
8.03067962 3.54069732
8.10618899 3.34180633
8.17962895 3.14939495
8.25093946 2.96589840
8.32005493 2.78656158
8.38690327 2.61076236
8.45140484 2.44419821
8.51347091 2.27720387
8.57300187 2.12813776
8.62988478 1.97022917
8.68399009 1.84312687
8.73516711 1.69831468
8.78323757 1.56471558
8.82798599 1.44618231
8.86914451 1.34590802
8.90636743 1.24466817
8.93918386 1.16321236
8.96689589 1.08926448
8.98829593 1.03035904
9.00000000 0.99576603
9.00438903 0.98803674
9.01241404 0.98535338
9.02280605 0.98147594
9.03511221 0.96595826
9.04907081 0.94470050
9.06450525 0.93636065
9.08128591 0.92064068
9.09931233 0.89626838
9.11850372 0.88226491
9.13879321 0.86149784
9.16012430 0.83416085
9.18244841 0.81934053
9.20572318 0.79708074
9.22991127 0.77550398
9.25497940 0.75028961
9.28089770 0.71221395
9.30763914 0.68767173
9.33517913 0.66739605
9.36349514 0.63907379
9.39256647 0.61000877
9.42237398 0.59688968
9.45289991 0.54995454
9.48412774 0.52155009
9.51587226 0.48889775
9.54710009 0.45615686
9.57762602 0.42079763
9.60743353 0.39636132
9.63650486 0.35963102
9.66482087 0.33399504
9.69236086 0.30521233
9.71910230 0.28130707
9.74502060 0.26655270
9.77008873 0.22057495
9.79427682 0.20915449
9.81755159 0.17438483
9.83987570 0.15776464
9.86120679 0.14423796
9.88149628 0.11882512
9.90068767 0.09392361
9.91871409 0.07770939
9.93549475 0.06790324
9.95092919 0.04541898
9.96488779 0.03619451
9.97719395 0.02303391
9.98758596 0.00915604
9.99561097 0.01510875
10.00000000 0.00316960
