-1.8402164233e+00 5.1380762665e-02 -1.8715203348e+00
1.3632390824e+00 1.6277555713e+00 1.5084634512e+00
3.0000000000e+00 -2.5656050186e+00 -1.7183773266e-05
8.6005256513e-01 -9.1804166242e-01 -3.6279218920e-01
2.5435188140e+00 -9.4221258675e-01 1.0803471348e-01
1.3902658297e+00 4.5061897200e-01 2.8752016149e+00
-3.2614782270e-01 6.7646098517e-01 1.1311301420e+00
1.3315680847e+00 -2.7956342631e+00 -1.1331619405e-01
1.5153918792e+00 1.4720719186e+00 1.1627302526e+00
6.9614435994e-01 1.3794077598e+00 4.7679542672e+00
2.0247025471e+00 -1.4973354774e+00 4.7279411249e-02
4.3834269269e-01 -2.4974618341e+00 -1.4847270467e+00
-1.8376101193e+00 -2.0640840641e+00 5.4800843014e-02
2.3521598258e+00 2.9849853113e+00 1.3325567063e-03
1.7705244196e+00 1.7864885104e+00 4.1844590528e-01
2.6840074240e+00 2.6500950922e-01 1.3160561934e-01
2.4900862512e+00 2.9666923966e+00 7.4735158919e-04
6.4734027716e-02 1.4357899907e+00 7.7100606405e+00
1.5244235114e+00 1.1982778146e+00 1.3299377664e+00
-1.9131435368e+00 2.1926999556e+00 9.1416055317e-02
-2.5321061456e+00 -1.4095276116e-01 -2.5510805733e-01
3.2284408010e-01 -1.5829278757e-01 2.8124149165e-01
-3.0000000000e+00 7.5298477592e-01 -2.1499993265e-02
1.8098033685e+00 -1.1304496240e+00 4.6485666507e-01
-2.0215133782e-01 3.0000000000e+00 2.8789477644e-01
-2.6338956915e+00 8.0339727717e-01 -9.9262886845e-02
2.9820642894e+00 1.1703301993e+00 9.8339786173e-03
-1.3532205228e+00 4.8691013913e-01 -2.6959816186e+00
5.7074855864e-01 -1.3588694187e+00 -4.8499546280e+00
2.8244638595e-02 -3.0000000000e+00 -2.4782244848e-01
-9.5833617866e-01 -2.2111391211e+00 -5.5213411827e-01
5.9802282743e-01 1.3518959786e+00 5.1809406241e+00
1.4025389066e+00 1.9277961957e+00 9.8999970165e-01
4.3150983829e-03 -2.1812350731e+00 -3.5028822041e+00
-1.9727828314e+00 1.9036827088e+00 9.3121366439e-02
1.9555643137e+00 -2.2254707358e+00 -5.9948784717e-02
-9.7367627519e-01 2.7492415185e+00 3.1589323085e-01
1.3022847164e+00 -2.6319754008e+00 -2.2017902197e-01
1.8991070797e+00 2.4578941212e+00 6.2094398011e-02
-1.3582570542e+00 -7.0181973259e-02 -2.6946491975e+00
-2.8981431279e+00 -2.8853390394e+00 1.6913680855e-04
-1.8492155509e+00 4.5095106080e-01 -1.6200376416e+00
-2.9805060177e-01 1.7267996987e+00 7.1303025295e+00
1.4651625794e+00 -6.1748448612e-01 2.2699971538e+00
-8.3218295508e-01 -2.6503524544e+00 -2.5367386414e-01
-3.1657467779e-01 1.0418768438e+00 3.8495153559e+00
2.9331256157e+00 -9.0992279550e-01 2.1304081858e-02
2.0534709560e+00 1.0133447617e+00 4.9287594891e-01
-7.3786200158e-02 -1.3998476920e+00 -4.6015238080e+00
-1.4503556695e+00 5.9371891204e-01 -2.3227177443e+00
2.9865787493e+00 7.2300558950e-03 3.5399321519e-02
-1.5021374970e+00 2.1737926353e-01 -2.8854203169e+00
1.7801443990e+00 1.4525159206e+00 5.9933098260e-01
1.1763858039e-01 2.8683296755e+00 5.1166721249e-01
-7.7916069195e-01 2.0036917439e+00 3.1398520136e+00
1.6875391853e+00 -2.1946249627e+00 -1.9824358533e-01
1.0207789046e+00 6.1338707504e-02 3.0150232418e+00
5.9388495821e-01 -2.4596445010e+00 -1.4492607185e+00
2.2409097105e-01 -1.9238292453e+00 -5.4675060220e+00
-8.4721031715e-01 -3.7422016930e-01 1.2011745876e+00
-8.6928653213e-01 8.2042007813e-01 -2.5484388126e-01
-1.8133812474e+00 -5.7583923721e-02 -1.8897721607e+00
-2.3421694518e-01 2.7654085767e+00 7.3072218494e-01
7.8790547326e-01 2.9492328398e-02 1.7920839077e+00
-1.6831131596e+00 2.3634194841e+00 1.5220879419e-01
1.4061715276e-01 -9.1890952873e-01 -7.4876470060e-01
1.9543080663e-01 2.5930888322e+00 1.3555318787e+00
-9.1781576884e-01 -1.5857111500e+00 -3.5353308766e-01
-2.5114032590e+00 1.7443339441e+00 -8.7741913735e-04
2.1245799103e+00 2.9145665845e+00 4.9187974321e-03
3.4841332138e-01 -9.4051968382e-01 -1.6896246906e+00
2.9387596749e+00 -4.5843105303e-01 3.7137324867e-02
-1.0086396071e+00 -4.9469620256e-01 7.1158889589e-01
1.9227178196e+00 -9.8625614387e-01 6.0624202485e-01
2.4984175129e+00 2.7549574790e+00 1.7097378359e-03
1.4412122666e+00 -1.0342884323e+00 7.2692361490e-01
-9.2133135413e-01 -2.8010984438e+00 -1.0497263976e-01
-2.6635941428e+00 2.6873419152e+00 7.2269284334e-04
1.7786657021e+00 -7.8855372811e-01 1.2007431552e+00
2.8898462011e+00 -2.1702790819e+00 1.2032865034e-04
-2.2563004613e+00 6.7051967567e-02 -6.8169200321e-01
2.7357702660e+00 -2.6324683475e-01 1.0739871534e-01
-2.0430459887e+00 -5.5592442875e-01 -6.5476243584e-01
7.7112712191e-02 7.0598938784e-02 5.5538436532e-01
1.1506558333e+00 -2.3562877341e+00 -7.3348716314e-01
-1.0662503812e+00 -1.5541584686e+00 1.0805716654e-01
2.2809838149e-01 4.0294064153e-01 -1.2322223200e-02
2.9234965335e+00 -2.2992333033e+00 6.9325637287e-06
2.4790034194e+00 -1.4188356800e+00 3.7534338747e-02
-1.0133609801e+00 -1.8996066139e+00 -5.5147037950e-01
-1.5905294245e+00 -1.1043752816e+00 2.5870378239e-01
1.1624351324e+00 1.1711166171e+00 2.3256944020e+00
2.6400375454e+00 1.1366236874e-01 1.6801111798e-01
-1.4539898752e+00 1.1269198342e+00 -3.7995476302e-01
-2.3623283748e-01 -2.6379125744e+00 -8.5153360167e-01
1.8388103137e+00 -2.4821318206e+00 -5.5431067761e-02
-2.6211848435e+00 2.6874179262e+00 9.1225513434e-04
2.3626890257e+00 -4.8529623343e-01 3.9349222486e-01
-2.8753574580e+00 1.2517391800e+00 -1.2773315902e-02
9.7941580680e-02 3.0722924992e-01 2.0354774311e-01
1.3857074833e+00 -1.7197493013e-01 3.4238123864e+00
6.0809704050e-02 -2.1709825873e+00 -3.6458435130e+00
-1.8285877571e+00 -4.5533961061e-01 -1.1615875954e+00
-3.0000000000e+00 -2.5798755500e+00 2.5695619596e-04
1.9272783130e+00 -2.4063354041e+00 -4.6356287682e-02
-8.1390317118e-02 1.6793542643e+00 7.9106555373e+00
-2.2646030953e+00 -1.6917373926e+00 2.8830986195e-02
-3.0000000000e+00 9.3670197540e-01 -1.5578363364e-02
1.3566998683e+00 -3.7976199518e-01 3.0875979554e+00
2.7072092987e+00 -2.9268454823e-01 1.1972034313e-01
1.5284609080e+00 -2.1047503269e+00 -4.1435980838e-01
1.2221999950e+00 -2.0124229146e-01 3.4239393441e+00
1.9795333511e+00 -2.8273570555e+00 -9.5943361944e-03
-1.3525617973e+00 3.0000000000e+00 4.7660923290e-02
3.5108840935e-01 5.5089067398e-01 2.1642217311e-01
-1.9940803346e+00 -6.4909179470e-01 -5.7635355500e-01
2.5270120072e+00 2.6847616403e+00 1.9363255228e-03
-1.1804468429e-01 9.2911523119e-01 2.9962377127e+00
1.2577132202e+00 3.0000000000e+00 6.2096023059e-02
2.1268149859e+00 2.5494645468e+00 1.9078695642e-02
-1.6881094005e+00 2.4617810101e+00 1.1556509792e-01
-1.3834918284e+00 -1.9713357012e+00 -4.0647234693e-04
2.5603660739e-01 2.7773702215e+00 6.9109099492e-01
3.5814294061e-01 -6.9314489737e-01 -5.3381470836e-02
2.5661676611e+00 -2.4999805275e-01 2.1829251927e-01
2.3004092451e+00 -4.8906806030e-01 4.8260645946e-01
-7.4184355633e-01 -1.5723644602e+00 -1.0474092014e+00
-3.7361054528e-01 -1.3301236253e+00 -1.7629206496e+00
2.7139309634e+00 2.9558761494e+00 2.4891635748e-04
-1.6131494305e+00 -2.0575312234e+00 5.4865252468e-02
-2.4755191436e+00 1.6457738748e+00 -6.2254043044e-03
-2.2182457888e+00 -1.3469372173e+00 1.1454818484e-02
-6.2096134565e-01 1.1456248134e+00 3.3771151581e+00
-1.6547023858e+00 1.8493801889e+00 3.6220244644e-01
-1.2281271383e+00 2.8321254180e+00 1.3118492933e-01
-1.2842634314e+00 2.7326172991e+00 1.6513631826e-01
-2.2406823881e+00 2.2068440623e+00 2.0493986129e-02
5.0535554319e-01 1.9346526917e+00 4.9770998319e+00
-9.4412532375e-01 1.4683199544e-01 -1.6965636910e+00
1.5321097794e+00 -2.1288780837e+00 -3.9326573616e-01
1.7445029967e+00 1.7689107639e+00 4.6485704346e-01
2.3919036329e+00 2.0813130951e+00 2.2502059015e-02
2.5121843438e+00 -2.4554003294e-02 2.8344991166e-01
-2.0086869765e-01 -2.0973521304e+00 -3.5430378068e+00
-1.8041427804e+00 1.4005890732e+00 -2.8311159348e-02
-4.6460498981e-01 1.2364917437e+00 5.0168368249e+00
2.1936280115e+00 -9.0774606794e-01 3.7335343801e-01
2.0673078960e+00 2.2024751805e-01 1.1283199814e+00
-2.4366521072e+00 2.9583530806e+00 8.8086080639e-04
-2.1067559791e+00 -3.0000000000e+00 2.5804884156e-03
1.3870607872e+00 1.1968022667e+00 1.6900061242e+00
-7.9162692814e-01 -2.7521617409e+00 -1.9543492593e-01
-2.1689902954e+00 2.3630111973e+00 2.1429619128e-02
-1.6455876345e+00 -3.4564318971e-01 -1.7273294727e+00
1.2397836445e+00 -3.0000000000e+00 -6.3360063698e-02
2.1642547476e+00 -2.0888413117e+00 -2.3904263105e-02
-2.2011752886e+00 2.8576672274e+00 4.0077959352e-03
3.0000000000e+00 -3.0000000000e+00 -5.8641878726e-06
-2.2223045759e+00 -9.7687454662e-01 -1.2083976293e-01
-7.1986445468e-01 3.4923478456e-01 -5.9707938196e-01
6.2178690402e-01 -2.9919659567e-01 8.6233954661e-01
-1.9175264292e-01 -2.7237046862e+00 -6.5640335170e-01
1.6781061252e+00 2.8407946317e+00 3.5447574801e-02
2.4277969880e-02 -1.2704832541e+00 -3.9652277269e+00
1.0487313541e+00 -1.9758961989e+00 -1.9570563772e+00
2.7795745856e+00 -2.5023658071e+00 -2.1111127371e-04
-8.9822693962e-01 9.1258760718e-01 1.5151321859e-01
-7.3112491882e-01 2.7461867514e+00 4.8464841095e-01
1.4797761235e+00 1.1919125427e+00 1.4471553298e+00
-6.1054003599e-01 8.8979934880e-01 1.4324830117e+00
-1.2696426225e+00 2.2728261552e+00 6.6859921122e-01
6.7168412422e-01 2.8232754428e+00 3.9492963373e-01
-1.0508101540e+00 -3.0000000000e+00 -2.3231516179e-02
-2.4519029990e+00 -7.6761771951e-01 -1.3676912206e-01
2.2136829191e+00 8.5839568433e-01 3.8834519374e-01
-2.1536918668e+00 -3.0410848916e-01 -7.4566551114e-01
-9.5421670421e-01 -3.0000000000e+00 -3.6604013318e-02
-4.7316270033e-01 2.3418043174e+00 2.3365734064e+00
2.3905168876e+00 9.7675186685e-01 1.7911576231e-01
1.9063851380e-01 4.5174855845e-01 6.7072246886e-02
6.4115754239e-01 -1.3120679682e+00 -4.2202498536e+00
1.2088966822e+00 2.7703827504e+00 1.7734741089e-01
2.1757129386e+00 1.7218406474e+00 1.1339550281e-01
2.5096194380e-01 -7.7512561232e-01 -1.5347825564e-01
-2.0648670945e+00 4.0321675777e-01 -1.0380202727e+00
-2.8415932970e+00 1.0248355026e-01 -7.5952067627e-02
-2.8381309179e+00 -2.1509058006e+00 1.4960638646e-03
-8.3731186904e-01 -2.1037603768e+00 -9.8881946422e-01
-2.5442461606e+00 2.2284073102e+00 3.9858615038e-03
-2.3538891607e+00 2.1523870233e+00 1.2320797698e-02
-1.7037827082e+00 -2.1156975702e+00 5.0891983722e-02
-2.6238794350e+00 1.2213861215e+00 -3.9198671187e-02
-6.3391182364e-01 3.0000000000e+00 2.0050807530e-01
1.6060323061e+00 -1.1942494362e+00 3.3390384383e-01
-2.6096143346e+00 2.0243630904e+00 2.6559342892e-03
-2.2551052672e+00 3.6578317360e-01 -6.2570484997e-01
-1.6333769464e+00 2.0183049309e+00 3.4426085278e-01
1.8079939082e+00 -1.6898018808e+00 -1.3384675933e-01
7.9502981984e-01 1.9742621058e+00 3.2709606375e+00
-1.6871622570e+00 -1.9045264560e+00 9.3635324217e-02
-1.7896934596e+00 9.6981671659e-01 -7.6677805961e-01
1.6368176915e+00 -5.6359031243e-01 2.0671728394e+00
1.8771830661e+00 1.7832417039e+00 2.9766586206e-01
1.6302367053e+00 -1.0927980877e+00 6.0270166399e-01
-2.6320754061e+00 -1.9281788843e+00 5.2661144347e-03
-1.9665214347e+00 -2.1860894812e-03 -1.4353635901e+00
-2.2866619721e+00 6.8732389694e-01 -4.0877648683e-01
1.5303286891e+00 -1.3664164348e+00 -1.4992872766e-01
8.0423106942e-01 -8.6457371966e-01 -2.5388150935e-01
2.4367103117e+00 -2.0618136100e+00 -3.4607045820e-03
-1.0566866130e+00 6.7063387974e-02 -2.1569583598e+00
-1.9810582322e+00 1.6715133189e+00 6.1134037902e-02
-2.5499825404e+00 2.9795697608e+00 4.5333651748e-04
4.8521481653e-01 -1.6311608837e+00 -5.9497114884e+00
1.5592592277e+00 2.2339254285e+00 3.5357157606e-01
-1.5925231918e-01 6.6049427953e-01 1.1107380183e+00
-3.2898703131e-01 1.5358330972e+00 7.2627011452e+00
8.4288262317e-01 -1.2609202179e+00 -2.7315510118e+00
2.5849330718e+00 1.8907139257e-01 2.0493772697e-01
-2.3588667087e+00 -3.0000000000e+00 1.1601392767e-03
-2.0306158223e+00 -2.7081301776e+00 7.7980968599e-03
1.4472491086e-01 3.0000000000e+00 2.9362777895e-01
2.1989488185e+00 -1.3733922118e+00 9.3723326462e-02
-2.6982287112e+00 1.9411419983e+00 9.1992073101e-04
5.0746147577e-01 6.7634417262e-01 8.4727851569e-01
1.7525181419e+00 1.2642426697e+00 7.7502557628e-01
2.8738606104e+00 -1.3448822713e+00 1.0380655793e-02
4.6652088691e-01 -2.6211743790e+00 -9.8341301253e-01
-2.5385663698e+00 -1.7249176180e+00 8.4651117455e-03
2.9379578517e+00 2.0571766534e+00 1.5964488765e-03
4.0922357069e-01 -1.6977657122e+00 -6.1456985486e+00
-2.8776512121e+00 2.8813989318e+00 1.0769624936e-04
4.8592901238e-01 -3.0000000000e+00 -2.2533459956e-01
-1.3043777875e+00 2.8212934280e-01 -3.0153176235e+00
2.2403975818e+00 2.2021540936e+00 3.2396686072e-02
1.6925631394e+00 -1.6986228598e+00 -2.5617436662e-01
1.2949686831e+00 2.1337649383e+00 9.0886660409e-01
-1.1360503728e+00 -2.6413103588e+00 -7.9029487089e-02
-3.3907468846e-01 -1.1846085626e+00 -4.6622712620e-01
2.7504056953e+00 1.0807035208e+00 3.5099126300e-02
4.1482422982e-01 6.1373490313e-01 4.6918593376e-01
2.3484919946e+00 2.5180922541e+00 8.0681766053e-03
1.6156907025e+00 -2.0618498066e+00 -3.2236170698e-01
-2.2101091844e+00 -3.0000000000e+00 1.9079348558e-03
8.8387410676e-01 -1.9858719764e+00 -2.6875931624e+00
-5.6290274945e-01 -9.0518300091e-01 3.0067704910e+00
1.8949864113e+00 -1.3577923477e+00 1.3729243209e-01
-9.2355384504e-01 2.0375405216e+00 2.3103623800e+00
1.2414436238e+00 -8.0859409258e-01 1.5041477717e+00
-2.7585542454e+00 -2.4448879640e+00 1.2112421523e-03
-2.6779320952e-01 2.8789893734e-01 9.8629573511e-01
-3.3959649330e-01 6.1679826880e-01 9.2292954818e-01
1.0088211135e+00 -1.2759560987e+00 -1.8153380016e+00
2.3757193525e+00 -2.1530976747e+00 -6.1251989615e-03
3.0000000000e+00 -2.9119432359e+00 -8.6208238005e-06
2.6189914097e+00 1.8166219395e+00 1.4415176137e-02
1.0454083707e+00 -2.1832402037e+00 -1.3880290293e+00
2.7249166489e+00 -2.8810992667e+00 -1.1011242063e-04
1.9815114982e+00 2.9560115407e+00 7.3694632247e-03
2.4783625564e+00 1.8673550101e+00 2.4624543796e-02
-2.3203445971e+00 -2.6144412614e+00 4.5184481476e-03
2.3978999458e+00 2.1119001078e+00 2.0358031475e-02
2.2277712774e+00 2.1682859275e+00 3.7174526589e-02
8.1383161758e-02 -2.0631407709e+00 -4.4537708877e+00
-4.5214748244e-01 4.8936856556e-02 1.4533694836e+00
-9.0592185842e-01 1.7285493579e+00 3.2841045398e+00
2.3885613094e+00 -1.2874266874e+00 7.8717642853e-02
1.1372163804e+00 2.8376182036e+00 1.6183148479e-01
-1.2626752078e+00 -1.1043271249e+00 9.5201717601e-01
-2.9214168117e+00 -1.1383509429e+00 -7.5033195161e-03
1.0268713590e+00 -1.0180073683e+00 -2.6803131820e-01
-1.2878423539e-01 -6.6792544117e-01 2.5789468013e+00
-2.5505516786e+00 2.9606512667e+00 4.8857751833e-04
-1.7752511886e+00 -1.2678832705e+00 1.5341090133e-01
-2.6937853177e+00 1.9701286058e-03 -1.4245934717e-01
1.6048430314e+00 9.4501614485e-01 1.4245844402e+00
-3.0000000000e+00 -6.9166541482e-01 -1.8710819886e-02
-8.7637498002e-01 -6.4962735223e-01 2.2524597671e+00
-2.4058216360e-01 -8.0090265660e-01 2.6219268330e+00
-3.0000000000e+00 -8.5898325659e-01 -1.2965938734e-02
5.3078178671e-01 1.4259247572e-01 4.2484808298e-01
-1.1393435927e+00 2.6224572820e+00 3.4530263704e-01
-5.7104381509e-01 2.6510276046e+00 8.3731919479e-01
1.2662518421e+00 -1.6139720744e+00 -1.3352071302e+00
-2.8602259371e+00 -2.1126426012e+00 1.4139795214e-03
-2.4223650683e+00 -3.0000000000e+00 9.1889074876e-04
-6.3792483763e-01 2.7942654677e+00 4.6049052268e-01
1.6025547453e+00 2.3679131229e+00 2.2028284076e-01
-2.0358649165e+00 2.0325680459e-01 -1.2275161371e+00
-4.4446273392e-01 2.3363909236e+00 2.4326238625e+00
7.7583496268e-01 1.7067635164e+00 4.4006669071e+00
1.6122271030e+00 -4.8395434135e-01 2.3229137845e+00
1.6905946101e+00 -2.0419325708e-01 2.5162610736e+00
-1.5579535394e+00 -1.2600347517e+00 3.7043989078e-01
1.5827658862e+00 2.2784535754e+00 2.9561086752e-01
1.3416175794e+00 -1.3846669846e+00 -6.6561032399e-01
1.3352702986e+00 -4.1859927528e-01 3.0038203228e+00
6.6381526000e-01 -1.6932137637e+00 -4.9019604079e+00
-6.7694758316e-01 2.1680622959e-01 -1.2471777891e-01
9.0926532969e-01 1.3796550206e+00 3.6297358526e+00
3.0000000000e+00 5.8287151562e-01 2.3375640310e-02
2.0584642413e+00 -2.2102352434e+00 -3.7295863816e-02
2.1668338093e+00 2.2979098463e-01 8.5267825837e-01
6.1759822985e-01 -2.0411323734e+00 -3.6398168502e+00
2.2283309433e+00 3.0120708501e-01 6.8236808618e-01
-2.9289521363e+00 -1.4628631560e+00 -8.3255105703e-04
1.0084755898e+00 2.4400302668e+00 8.1981965457e-01
1.2641407285e+00 2.8630931417e+00 1.0816290939e-01
-3.0000000000e+00 3.6029169915e-01 -3.3038290180e-02
-2.8347119562e+00 1.8309514682e+00 -5.8324867893e-04
3.2094106780e-02 2.6943732293e+00 9.9761621550e-01
-2.9972617542e+00 -9.5064471744e-01 -1.0273952183e-02
4.5012772188e-01 1.9242477065e+00 5.3111000207e+00
-1.2621055624e-01 -2.3024115183e+00 -2.4880573978e+00
-2.9158592693e+00 -1.9058411766e+00 1.2356036578e-03
-2.9351428067e+00 1.7979957668e+00 -7.3020516266e-04
5.5878276227e-01 -2.7327719504e+00 -6.1544801564e-01
-2.7622594397e-01 1.7843430996e+00 6.9493386176e+00
2.4727929791e+00 2.8914156767e+00 1.1207044553e-03
-3.3041806198e-01 3.1290945795e-01 9.2464168751e-01
-1.0044778120e+00 -1.7592980224e+00 -4.6174382780e-01
-1.0643720611e+00 2.9425650399e+00 1.2275584571e-01
7.0732181463e-01 1.9701191882e+00 3.7375086672e+00
2.5289397396e+00 1.3711608198e+00 5.2283160796e-02
2.7348331953e+00 -3.0000000000e+00 -6.2081096232e-05
-1.3760483072e+00 -1.7515322160e+00 1.1828260592e-01
-2.9268090286e+00 -2.9586281495e+00 1.1324002031e-04
-1.4518254209e+00 -7.6146931848e-01 -1.4093220849e-01
2.6111645956e+00 4.1494567408e-02 1.9155857847e-01
1.4164524799e+00 -1.8993670266e+00 -7.7701591336e-01
6.8060515104e-01 1.1151725014e+00 3.4508061945e+00
1.1904812664e+00 1.6971297799e+00 2.1121040518e+00
-7.9675197336e-01 2.3979972692e+00 1.3303527938e+00
-1.0684179347e+00 -2.6942043685e+00 -8.9311697637e-02
2.8816258705e+00 2.1114433002e+00 1.8733614136e-03
-1.9935954090e+00 2.9301049299e+00 7.2934067822e-03
-1.3073601651e+00 -6.1588365639e-02 -2.6616579647e+00
6.7353684016e-01 1.2579565741e+00 4.3321411749e+00
-1.6193827094e-01 -6.6605554391e-01 2.7796537113e+00
-9.9551604943e-01 -5.2084837554e-01 9.3345944953e-01
5.8310300779e-01 1.2677884249e+00 4.7855166500e+00
1.7584518709e-01 2.0195937614e+00 5.5084514164e+00
-8.5659905073e-01 -1.4432173794e+00 2.0451099565e-02
1.2001590868e+00 -2.0963220176e+00 -1.1315515938e+00
2.7018031427e-02 1.8789432993e+00 6.8507137953e+00
-7.9032434453e-01 1.8335702945e+00 3.7754184130e+00
9.1096627552e-01 2.5675645044e+00 6.7047977392e-01
6.0705466085e-02 -1.6505687015e+00 -6.2932478579e+00
2.5298358675e+00 -3.8233498526e-01 2.3300577549e-01
-1.4270986273e+00 1.8641791003e+00 7.9546677917e-01
-3.0000000000e+00 1.7181784896e+00 -1.0516483570e-03
2.2490433716e+00 1.3823969876e+00 1.5032598897e-01
-1.3758337282e+00 1.3592033595e+00 5.1261465542e-01
2.7132336913e+00 -3.0088673928e-01 1.1615214557e-01
1.4047159441e+00 1.9659625030e+00 9.2835369155e-01
-1.0289401157e+00 -4.4823133568e-01 3.2870370616e-01
-1.6589332042e+00 3.0000000000e+00 1.8771801151e-02
1.1205228804e+00 2.5335644253e+00 4.9039468501e-01
2.1196315050e+00 -4.9971386147e-02 1.0326045945e+00
3.0000000000e+00 -2.5578392547e+00 -1.6955064016e-05
2.6002522414e+00 2.6806517396e+00 1.3629798726e-03
7.7897807492e-01 1.4089352142e+00 4.3928276014e+00
-1.8242538100e+00 4.7108331033e-01 -1.6694456496e+00
-3.0000000000e+00 2.7358687508e+00 8.4489134331e-05
-2.1522708378e+00 -2.2861554498e+00 1.7371945854e-02
1.1818539108e+00 1.6370365718e+00 2.2341933924e+00
-2.7479851405e+00 -9.9237303728e-01 -2.5255750502e-02
1.2944128501e+00 -1.6340003167e+00 -1.2301766316e+00
-1.5274197020e+00 2.3510952795e+00 2.6347707678e-01
-2.4648829116e+00 -2.8974500713e+00 1.1164987404e-03
-1.5928120624e+00 3.1471011409e-01 -2.5937884086e+00
-7.8727941970e-01 7.1793989422e-01 -3.6988827183e-01
-2.2989973463e+00 -1.0972139953e+00 -5.6516424959e-02
-2.7655950582e+00 -1.9134334590e+00 2.7587527274e-03
-2.7288411748e+00 5.1588766581e-01 -9.8665567654e-02
1.3738717527e-01 -2.4593530136e+00 -1.8254288066e+00
-2.8940521202e+00 2.3648945880e+00 3.9760475479e-04
6.9220896339e-01 1.6553566520e+00 5.0456274750e+00
3.8175625978e-01 -1.2169972143e+00 -4.3535859143e+00
-1.8826319837e+00 -5.5782376681e-01 -8.6369846239e-01
1.7938525774e+00 3.2783889936e-01 1.9609088990e+00
1.4964169860e+00 1.6795516343e+00 1.0415771295e+00
5.9956928597e-01 7.5950543888e-01 1.3664486995e+00
3.0000000000e+00 3.0000000000e+00 4.1029727458e-05
3.0000000000e+00 4.9297725613e-01 2.5738588087e-02
1.9770347885e+00 1.0810339425e-01 1.4710573651e+00
2.5962004658e+00 9.0521804957e-01 9.1878534741e-02
-1.5675615872e+00 1.6192620528e+00 4.5691356453e-01
-1.6365178969e+00 3.0000000000e+00 2.0227297714e-02
-2.7145372845e+00 7.5173866836e-01 -7.7690381536e-02
-3.0000000000e+00 5.3740269602e-01 -2.8382844550e-02
-1.7399654791e+00 9.3001069604e-01 -9.1641256808e-01
8.9176262734e-01 -1.0815512924e+00 -1.3173504824e+00
2.3134442604e+00 9.6479225268e-01 2.3878397919e-01
-5.9618017939e-01 -1.1049726441e+00 1.6180760022e+00
-2.5176485341e+00 2.1052021610e+00 5.0490325594e-03
-1.5930522718e-02 1.1517967868e+00 5.3830165922e+00
-3.0000000000e+00 -3.0000000000e+00 6.6712802967e-05
5.7843459903e-01 -1.5843200971e+00 -5.4907035278e+00
1.2960862523e+00 -1.5155127521e+00 -1.1018905195e+00
1.6533410646e+00 5.3711442007e-01 2.0694319694e+00
-2.0857817849e+00 8.4968123204e-01 -5.5255987097e-01
-6.1708697621e-01 -1.8789582457e+00 -2.2425828147e+00
2.0960157860e+00 -1.0743962278e+00 3.3099712020e-01
-1.8131840386e+00 -5.8128724570e-02 -1.8898815799e+00
2.1913852295e+00 -2.4472102145e+00 -1.1684923652e-02
2.4292563928e+00 -1.2635031734e+00 7.4566385805e-02
-7.0285950615e-01 -2.1086060794e+00 -1.4470115536e+00
2.7622951286e+00 -1.2955551246e+00 1.9438627707e-02
-1.7254100255e+00 1.9171149803e-01 -2.2682499555e+00
4.4420868080e-01 1.1946112254e+00 4.7874300762e+00
2.8419331222e+00 2.3056657156e+00 1.3362337550e-03
2.3251956622e+00 -9.8060415101e-01 2.1574365898e-01
2.1424623908e+00 2.5336602530e+00 1.8828048745e-02
1.6229354644e+00 -1.6535039650e+00 -3.3769592111e-01
1.3177057081e+00 -2.6867400248e+00 -1.7502734726e-01
1.6534715608e+00 -1.8102776790e+00 -3.3073337493e-01
-2.6986783846e+00 2.0756215275e+00 1.5469068655e-03
6.6640517461e-01 -1.2705226287e+00 -3.8240525968e+00
-2.8127309497e+00 -8.2147395430e-02 -8.4464901725e-02
1.7147888735e+00 1.9586434187e+00 3.8216979508e-01
-6.7011454669e-01 9.8862916059e-01 1.8571899553e+00
1.2030813837e-03 4.3335031004e-01 4.0682673773e-01
-2.0433618811e+00 8.7095188271e-01 -5.8833043038e-01
-2.1316503731e+00 2.5044141424e+00 1.7746053498e-02
7.4691385648e-01 6.5627726716e-01 1.4444959197e+00
-3.8247702571e-01 -1.9019377095e+00 -3.5790591175e+00
8.9684610329e-01 -2.1943541606e+00 -1.8220293021e+00
9.2212780113e-01 1.2550590830e+00 3.2825202488e+00
-1.3896384084e+00 -6.4947807104e-01 -3.8857475329e-01
4.3492512910e-01 9.2963772556e-01 2.4063086509e+00
-6.5371798791e-01 2.4695308538e+00 1.3427314303e+00
-1.9236549494e+00 2.6382027824e+00 2.8259307805e-02
1.2643073559e+00 -1.0390339440e+00 4.2433713285e-01
-2.6732140024e+00 1.9785625780e+00 1.4472150120e-03
-1.5367217824e+00 1.7366277819e+00 5.6504742078e-01
9.7646616358e-03 2.1316193638e+00 4.6777413876e+00
8.8360909293e-01 -1.9046163277e-01 2.2661651267e+00
1.9115753182e+00 3.6534496057e-01 1.5069510259e+00
7.8296029841e-01 6.7225287006e-02 1.7546003128e+00
-2.0381155013e+00 1.9414272563e+00 6.8185938607e-02
2.1312336715e+00 -1.2138542946e+00 2.0058069803e-01
6.1621686591e-01 2.5981294857e+00 9.4880636400e-01
-1.5332193210e+00 -9.6715728737e-01 1.8451805696e-01
1.1164085977e+00 -2.7445088861e+00 -2.3740967940e-01
1.7369953719e+00 2.1485204924e+00 2.4530483588e-01
-1.8318257076e+00 -1.4222338250e+00 1.4483443224e-01
7.0249638301e-01 -8.4784313615e-01 -5.4052770412e-01
-1.7424997292e+00 -9.3941807751e-01 -1.2719908175e-01
-3.1240488152e-01 -6.1056004941e-02 2.0229392319e+00
1.4322497495e-01 1.8906568068e+00 6.6242700396e+00
-1.6417830188e-01 -1.1203788988e+00 -9.6502079883e-01
-1.4646490382e+00 1.6227782698e+00 6.8954199333e-01
-1.0309508737e+00 -6.4160254349e-01 1.2539690309e+00
2.5050606156e+00 1.3311323693e-01 2.8495963287e-01
1.3682641885e+00 8.5729387837e-01 2.0302202527e+00
3.0000000000e+00 2.7930303732e-01 3.0425355858e-02
-3.4081548406e-01 -7.9518877237e-01 3.1209872983e+00
-1.5873985687e+00 1.1332386457e+00 -4.5234219580e-01
5.3912423422e-01 -4.9671018826e-02 5.2657284316e-01
-2.4646767345e+00 -5.1662728440e-01 -2.2000056018e-01
-1.7379784367e-01 1.3275619883e+00 6.9047020127e+00
4.6246360626e-01 8.1617690357e-01 1.5345190026e+00
3.0000000000e+00 -1.8903056514e+00 7.4875250575e-04
3.0000000000e+00 9.4171751046e-01 1.3832345959e-02
9.6473062433e-01 2.7355566868e-01 2.5783640616e+00
-2.5927920792e+00 2.2206130794e+00 3.0326359582e-03
2.2894014210e+00 -8.7998431071e-01 2.9476822693e-01
9.1096172397e-02 1.8580538121e+00 6.9477652784e+00
-3.4742162487e-01 -3.0000000000e+00 -1.7736913951e-01
9.1771785844e-01 -2.7905779976e+00 -3.0108685755e-01
-1.5946642326e+00 -7.8589515129e-01 -3.2051620802e-01
-2.0207002036e+00 1.0640154564e+00 -3.8358717649e-01
-1.4567773707e+00 -2.1056105967e+00 7.2136410081e-03
9.2117988319e-01 -2.0332595287e+00 -2.3387395145e+00
2.1096544900e+00 -9.0372521144e-02 1.0569034136e+00
1.7785114515e+00 -1.4940314058e+00 -3.8426407979e-02
-1.9018821869e+00 2.5257573445e+00 4.3617499328e-02
2.4447470415e+00 -2.7443572436e+00 -1.1667355272e-03
-1.3135086919e+00 -2.7113192124e-01 -1.9174878320e+00
-2.7523948354e-01 1.4050281079e+00 7.0804440789e+00
2.0071926305e+00 3.0000000000e+00 5.5053274145e-03
6.9988768322e-01 -1.6626471945e+00 -4.7218417245e+00
1.0915469845e+00 4.5825597877e-01 2.7121141590e+00
3.5474533204e-01 1.8623600780e+00 6.1483487549e+00
1.5357587306e+00 9.2508133068e-02 3.1320209311e+00
6.0599836398e-01 2.4318927793e+00 1.5932045038e+00
-1.9828047612e+00 -4.3891699733e-01 -9.2206632901e-01
-2.3415548870e+00 5.7042015579e-01 -3.9760057119e-01
2.2428914392e+00 2.9379342655e-01 6.5529524714e-01
5.2607231662e-02 2.1638486157e+00 4.3780123687e+00
2.8560206265e+00 2.7672236848e+00 2.5063986991e-04
2.1230065568e+00 -1.3771198829e+00 1.0558367604e-01
-2.5055912762e+00 3.0000000000e+00 5.2340259629e-04
1.3366832064e+00 1.7741473903e+00 1.4173109892e+00
4.8894719185e-01 -8.5773644704e-01 -1.0923424710e+00
-1.6141192014e-02 1.0909858296e+00 4.7100116342e+00
-1.8274855985e+00 -1.3493144434e+00 1.3925392514e-01
1.4881718647e+00 3.0000000000e+00 3.3148803656e-02
9.8257041477e-01 8.8796528528e-01 2.2544350390e+00
-1.9240100690e+00 -1.3786991727e+00 9.5002526594e-02
-4.0302560479e-01 1.0065763269e+00 3.2406314463e+00
3.8398474791e-01 -2.8168140963e+00 -5.1199290978e-01
-1.6077602216e+00 2.7164566469e+00 6.7666278301e-02
-3.0000000000e+00 3.0000000000e+00 3.2235359613e-05
1.1254448024e+00 1.2053010642e+00 2.4672706577e+00
1.8125889056e+00 5.4090316822e-01 1.5817812038e+00
-1.3864118018e+00 2.4876043513e+00 2.7843254586e-01
-2.9121012914e+00 2.3494347084e+00 3.6029395306e-04
1.5960275912e+00 1.3496397952e+00 1.0419772574e+00
7.4307481813e-01 -3.6773821313e-01 1.3446287230e+00
6.8576475005e-01 1.5621120958e+00 5.1642719643e+00
2.3900309918e+00 2.7812037555e+00 2.5950728698e-03
3.0000000000e+00 9.4440422897e-03 3.3111802913e-02
1.4615488846e+00 -8.4389055022e-01 1.4649588891e+00
-3.7829722860e-01 1.3575844961e+00 6.3406640759e+00
-2.0659123637e+00 -2.2924031904e+00 2.1338016702e-02
-3.2285874277e-01 -2.0968854253e+00 -3.0771831724e+00
-1.0347791091e+00 2.6948532807e+00 3.3934725510e-01
1.7733845802e+00 -1.2792969708e+00 2.2201395600e-01
3.0000000000e+00 -6.6140907166e-01 2.2255778011e-02
3.0000000000e+00 3.7900504617e-01 2.8450267157e-02
3.2928500146e-01 -1.2868935746e+00 -4.9922066957e+00
-1.8992631764e+00 1.9688364231e+00 1.2697866177e-01
2.7704034508e+00 1.9145937592e+00 5.5166295726e-03
-5.4889278027e-01 3.0000000000e+00 2.2179224593e-01
-6.3944584673e-01 4.1122387926e-01 -1.9940259675e-01
-2.8583706673e+00 -2.1519241046e+00 1.3485858299e-03
-1.5075243123e+00 -7.8688182364e-01 -1.8206586440e-01
1.3580979865e+00 2.9026524973e+00 7.2198561762e-02
2.4380999043e+00 -1.1441261310e+00 1.0117674782e-01
3.4240676380e-01 2.1931114552e+00 3.6749605407e+00
4.8768836533e-01 2.2851430233e+00 2.6517938436e+00
5.3240931383e-01 2.8708522101e+00 3.8696701306e-01
-4.3893191968e-01 -2.2573297758e+00 -1.9073546169e+00
2.0684638309e+00 1.7978009104e+00 1.4895822326e-01
1.9637300221e+00 2.0574355136e+00 1.3514356496e-01
-2.9415762170e+00 1.8238653890e+00 -5.6700089208e-04
3.6453581259e-01 -2.1481591520e-01 3.1476114639e-01
-5.7849388436e-01 -5.7276338353e-01 3.5362420060e+00
2.6434826198e+00 1.7964857858e+00 1.3420393348e-02
-1.3330488620e+00 3.9901077476e-01 -2.8821330337e+00
2.3458245518e+00 -2.7265672378e+00 -2.2043796004e-03
2.2931438554e+00 2.8928499609e+00 2.5860739714e-03
-2.7048048107e-01 3.5878060744e-01 8.6713497543e-01
7.5331907383e-01 2.5994882298e+00 7.8398641685e-01
2.4624686420e+00 2.7357797262e+00 2.1907127937e-03
-1.0265042712e-01 -5.8475618357e-01 2.5878961091e+00
2.6883305175e+00 2.8732569693e-01 1.2758599693e-01
-2.5057897132e+00 -2.1716753754e+00 6.5488274296e-03
-9.0083164036e-01 2.2939535979e+00 1.4483461511e+00
-3.0000000000e+00 -1.1821454039e+00 -4.5378793388e-03
2.0003695494e+00 -5.1251095862e-01 1.1077559550e+00
2.6321066342e+00 1.8514172164e+00 1.2555098073e-02
-2.2682857741e+00 1.5174457192e+00 -2.4821965511e-02
-1.4481049360e+00 3.2093834528e-01 -2.9003189445e+00
1.8966700283e+00 -8.0321792447e-01 9.4152804007e-01
1.6980016286e+00 2.0961298902e+00 3.1123056355e-01
-1.2874880597e+00 -1.1490031132e+00 8.6950796018e-01
2.4969105574e+00 2.2999646669e+00 7.8522469409e-03
-1.3079199408e+00 -1.8843606084e+00 -2.2495191093e-02
1.6997537422e+00 1.2515698342e+00 8.8795368046e-01
-1.2282078108e+00 2.7501050098e-01 -2.9382772336e+00
2.5824224345e+00 -9.1387844856e-01 9.7975814252e-02
-2.8274898246e+00 2.3806494675e-01 -7.8193463165e-02
1.3298231933e+00 8.2853310822e-01 2.1275670139e+00
-8.2597569787e-01 -2.4587964105e+00 -4.7928599860e-01
2.2646505282e+00 -7.2339556438e-01 4.1122415678e-01
-2.8626680980e-01 1.5495101728e+00 7.4754011605e+00
-2.8703581514e+00 -1.1160737136e+00 -1.0046051937e-02
1.2438729964e+00 -1.3736635963e+00 -1.0042972134e+00
-2.6042060940e+00 -2.0162391619e-01 -1.8770073462e-01
4.0863177976e-02 -1.3151450370e+00 -4.5056383125e+00
6.7513629503e-01 -1.6483823494e+00 -4.8938322374e+00
-3.0471942515e-01 -2.5790496224e+00 -9.5890598954e-01
-2.7810126905e+00 5.2835036817e-01 -7.7983836431e-02
1.5141585453e+00 -1.5309930681e+00 -4.4768119923e-01
-5.9388498661e-01 -2.0208964126e+00 -2.1156356833e+00
1.6066044201e+00 2.1658886384e+00 3.5761207771e-01
1.3184191622e+00 -2.7163586132e+00 -1.5734804714e-01
1.4535984387e+00 -2.4870750509e+00 -2.2174733207e-01
-6.1855804052e-01 -2.3532603036e+00 -1.0823972162e+00
-3.0000000000e+00 2.2043012284e+00 1.9835951235e-04
2.3057091251e+00 1.2808768153e+00 1.4526499471e-01
-1.0608938360e+00 -1.9153798762e+00 -4.3505242941e-01
-1.8681883364e+00 1.4749053366e+00 1.2677384711e-02
1.0688108014e-01 -1.6968168578e+00 -6.3735339197e+00
4.3410870198e-02 -1.8923525635e+00 -5.5148057507e+00
-5.9873810488e-01 1.6454969779e+00 5.5635351656e+00
-1.2293452763e-01 -1.7672794740e+00 -5.4025469847e+00
1.3668038743e+00 1.4774011191e+00 1.6221335381e+00
-7.0442081272e-01 -3.0367456654e-01 1.8160368347e+00
-8.1139077788e-03 -2.6590879877e+00 -9.3509710558e-01
1.1620026740e+00 6.7865300628e-01 2.4202558791e+00
-2.1272768090e-01 -1.4693047016e+00 -4.1576713328e+00
6.7884639398e-01 -2.8136052988e+00 -3.9796327039e-01
-2.5199661246e+00 -1.8103195051e+00 9.3916292839e-03
-2.1892850992e+00 -2.5263803144e+00 8.6426956837e-03
7.5261201496e-01 5.8068984456e-01 1.3821761223e+00
2.6159976731e+00 -2.8482587085e-01 1.7588508182e-01
