-2.2000527439e+00 1.4349867498e-01 8.3124573655e-01
1.5488560891e+00 1.8450668832e+00 1.0375857238e+00
4.0000000000e+00 -3.0214572093e+00 3.8549299848e-02
1.0259249507e+00 -1.0505175112e+00 7.2913531017e-02
3.0098640257e+00 -1.0795378722e+00 -6.5546138565e-01
1.5779929617e+00 5.7652510573e-01 1.9227897259e+00
-2.7980842117e-01 8.0758245774e-01 1.6787987082e+00
1.5149565440e+00 -3.4367436826e+00 -4.1398256676e-01
1.7158312907e+00 1.6730492105e+00 1.2154954470e+00
8.5655061181e-01 1.5684826966e+00 1.2115058124e+00
2.3214505112e+00 -1.7380354250e+00 -1.2336972756e+00
5.8660057752e-01 -2.9218638863e+00 -3.6154489190e-01
-2.1968838871e+00 -2.3655871181e+00 9.8473997031e-02
2.7312306533e+00 3.9271393669e+00 2.1392840164e-01
2.0137927214e+00 2.0151614618e+00 1.0531837323e+00
3.2532317021e+00 3.8092468374e-01 3.5174297944e-02
2.9271300024e+00 3.8442988545e+00 2.2669796393e-01
1.8071815309e-01 1.6322279995e+00 1.0234519260e+00
1.7259924875e+00 1.3633395255e+00 1.4302453646e+00
-2.2876075152e+00 2.4786626429e+00 1.5899753884e-01
-3.0541138038e+00 -8.5932496597e-02 5.8963941960e-01
4.6348809687e-01 -1.0748386214e-01 2.0032150221e+00
-4.0000000000e+00 8.8576065522e-01 3.7488346882e-01
2.0611024269e+00 -1.3060798312e+00 -1.2812785065e+00
-1.2882576572e-01 4.0000000000e+00 -2.0263548994e-02
-3.2181676983e+00 9.3756611183e-01 6.6617593189e-02
3.9482298632e+00 1.3319257845e+00 2.1335699300e-01
-1.5883928481e+00 6.1395885834e-01 1.2701855307e+00
7.2594626151e-01 -1.5778781376e+00 -5.9167993974e-02
1.3959191117e-01 -4.0000000000e+00 2.0535438336e-01
-1.0931830439e+00 -2.5420499199e+00 5.0874175744e-01
7.5445225227e-01 1.5372930458e+00 1.2447236687e+00
1.5912919448e+00 2.1693318456e+00 7.7792911322e-01
1.1243478029e-01 -2.5052732198e+00 1.6103922247e-01
-2.3574116597e+00 2.1425337436e+00 1.6359463260e-01
2.2377645321e+00 -2.5598488352e+00 -7.5875412713e-01
-1.1129073866e+00 3.2337622389e+00 -1.0456675615e-01
1.4838272369e+00 -3.1257436013e+00 -6.2962939865e-01
2.1692562803e+00 2.8174779114e+00 8.5006714081e-01
-1.5946814414e+00 4.9069157870e-04 1.2981370141e+00
-3.7470423800e+00 -3.6546919093e+00 9.9180930458e-02
-2.2109745895e+00 5.7686857731e-01 6.4796353508e-01
-2.4522427414e-01 1.9513592404e+00 5.8462172110e-01
1.6598688947e+00 -6.9034514022e-01 -1.2462533308e-02
-9.2957419158e-01 -3.1563804274e+00 3.8405259031e-01
-2.6800149309e-01 1.1896212775e+00 1.4120505341e+00
3.8134102120e+00 -1.0407793237e+00 -1.3970148101e-01
2.3561824439e+00 1.1586299275e+00 8.5614370328e-01
2.2693134196e-02 -1.6257503938e+00 8.3846105241e-01
-1.7104265012e+00 7.2326653508e-01 1.2149480754e+00
3.9611385761e+00 9.2306328741e-02 3.1511960704e-01
-1.7760183291e+00 3.2930509662e-01 1.1302228264e+00
2.0253583872e+00 1.6510703167e+00 1.1599943222e+00
2.3977181478e-01 3.4958594749e+00 -2.9362762900e-01
-8.6035531380e-01 2.2551259086e+00 3.5762039470e-01
1.9147721726e+00 -2.5216806876e+00 -1.0112451495e+00
1.1913077395e+00 1.5493380944e-01 2.0007312321e+00
7.5013137240e-01 -2.8685163117e+00 -5.0227063950e-01
3.5677034618e-01 -2.2063286658e+00 7.3724705162e-02
-9.4916099121e-01 -3.8325700212e-01 1.4311368092e+00
-9.7789889961e-01 9.5513810590e-01 1.4753229494e+00
-2.1673078130e+00 1.5619777534e-02 8.9890427673e-01
-1.6745487065e-01 3.2623237910e+00 -4.4708416263e-01
9.5151187805e-01 1.1822111231e-01 2.1362129010e+00
-2.0053249496e+00 2.6932767233e+00 2.0807847821e-01
2.6522329741e-01 -1.0515587787e+00 9.8230364612e-01
3.2549069026e-01 3.0022233276e+00 -4.1685644527e-01
-1.0408735917e+00 -1.8374844094e+00 9.5974241168e-01
-3.0229192410e+00 1.9700812526e+00 -1.1525377288e-01
2.4422930348e+00 3.6409188803e+00 4.2612266559e-01
4.9088523707e-01 -1.0775040522e+00 7.5550539975e-01
3.8284640494e+00 -4.9147142092e-01 -7.3726608982e-02
-1.1576763845e+00 -5.3762947788e-01 1.3155061453e+00
2.1979108603e+00 -1.1325036996e+00 -1.1211376952e+00
2.9397329500e+00 3.2436739424e+00 4.3691705204e-01
1.6334938953e+00 -1.1903388000e+00 -9.7793874427e-01
-1.0454228957e+00 -3.4488974686e+00 3.7040029291e-01
-3.2696974173e+00 3.1363197362e+00 -2.1246468110e-01
2.0235796526e+00 -8.9586957255e-01 -7.6345068107e-01
3.7016586283e+00 -2.4919189302e+00 -2.5752913002e-02
-2.6844296634e+00 1.6147665540e-01 5.2516415585e-01
3.3544181327e+00 -2.4035623616e-01 -3.1489592604e-01
-2.4379902359e+00 -6.1454140905e-01 6.1291052830e-01
1.9459476360e-01 1.6553214028e-01 2.2316640403e+00
1.3252010764e+00 -2.7279045187e+00 -9.0596155744e-01
-1.2307936721e+00 -1.8022626644e+00 8.8206704879e-01
3.6113212375e-01 5.2700647037e-01 2.4004612761e+00
3.7879560807e+00 -2.6533262893e+00 -2.3409924413e-02
2.9105229484e+00 -1.6478069035e+00 -6.0084066609e-01
-1.1637003499e+00 -2.1795617513e+00 6.8873865807e-01
-1.8882477983e+00 -1.2747249290e+00 6.1480951749e-01
1.3374053834e+00 1.3328080365e+00 1.5672767065e+00
3.1724966186e+00 2.1438102337e-01 -1.0722440668e-01
-1.7150211169e+00 1.2834033916e+00 1.3282455786e+00
-1.6989334167e-01 -3.1355470716e+00 1.8515950757e-01
2.0961647579e+00 -2.9001106014e+00 -6.2578740025e-01
-3.1966448861e+00 3.1364313596e+00 -1.9361475041e-01
2.7454686055e+00 -5.2570159323e-01 -6.3310211865e-01
-3.6945635190e+00 1.4237124089e+00 -2.4476940308e-02
2.1786160227e-01 4.2614170359e-01 2.3173931348e+00
1.5730645670e+00 -1.2458399496e-01 1.1287754237e+00
1.7631115674e-01 -2.4927745413e+00 1.0558606924e-01
-2.1858947984e+00 -4.8752053090e-01 8.5740831008e-01
-4.0000000000e+00 -3.0431473214e+00 1.1771903370e-01
2.2034456117e+00 -2.7950716145e+00 -6.2704783768e-01
1.3860257154e-02 1.9006306462e+00 6.3746458268e-01
-2.6944179953e+00 -1.9537400237e+00 5.7102180963e-02
-4.0000000000e+00 1.0766576677e+00 2.2540061937e-01
1.5418358507e+00 -3.9040373855e-01 7.3223103956e-01
3.2977276553e+00 -2.7814475225e-01 -3.6749043123e-01
1.7305449848e+00 -2.4133224821e+00 -1.1565347271e+00
1.3995911122e+00 -1.6141538023e-01 1.2970959192e+00
2.2668189729e+00 -3.5092346338e+00 -3.2831441674e-01
-1.5875706311e+00 4.0000000000e+00 -4.4832127945e-02
4.9374664589e-01 6.7955047452e-01 2.3943557378e+00
-2.3819749754e+00 -7.2876504195e-01 5.8477894902e-01
2.9838085264e+00 3.1325379934e+00 4.6599646949e-01
-2.8968467817e-02 1.0686347827e+00 1.6221915965e+00
1.4367979464e+00 4.0000000000e+00 2.4951228449e-01
2.4450138220e+00 2.9416916526e+00 8.1874695388e-01
-2.0116098324e+00 2.8226730373e+00 1.8848772886e-01
-1.6262485790e+00 -2.2594076872e+00 3.6354146853e-01
3.9146347644e-01 3.2845788128e+00 -3.4709636068e-01
5.0128816846e-01 -7.8188170657e-01 1.0854536619e+00
3.0463945625e+00 -2.2340372333e-01 -4.5342020210e-01
2.6626462550e+00 -5.3049107214e-01 -6.2172525111e-01
-8.1159299784e-01 -1.8226261706e+00 1.0306824402e+00
-3.3869717835e-01 -1.5440932238e+00 1.0900016619e+00
3.3108753598e+00 3.7982455951e+00 1.7804582284e-01
-1.9169342939e+00 -2.3579656284e+00 1.9041632433e-01
-2.9704162126e+00 1.8645395226e+00 -1.0751512547e-01
-2.6392200634e+00 -1.5638734456e+00 9.0378703261e-02
-6.5401244897e-01 1.3042660142e+00 1.3394976384e+00
-1.9695089155e+00 2.0829823483e+00 5.0405704159e-01
-1.4329119559e+00 3.4015788673e+00 4.9660640315e-02
-1.5025781027e+00 3.2059760410e+00 7.7980003086e-02
-2.6657668860e+00 2.4959752276e+00 1.6339730239e-02
6.5733819619e-01 2.1769919022e+00 2.8139665223e-01
-1.0748703161e+00 2.5153692191e-01 1.4967278360e+00
1.7346648440e+00 -2.4420134730e+00 -1.1356985605e+00
1.9825886581e+00 1.9963431928e+00 1.0555200637e+00
2.7855277719e+00 2.3451923100e+00 8.3369258301e-01
2.9607908195e+00 5.4935932034e-02 -2.7214383493e-01
-1.2728684108e-01 -2.4045810530e+00 4.2788118017e-01
-2.1559769290e+00 1.5924643317e+00 6.1452946307e-01
-4.5314996058e-01 1.4064632916e+00 1.2346921839e+00
2.5270604562e+00 -1.0381693437e+00 -9.6947411548e-01
2.3728929275e+00 3.3243289178e-01 4.5128827408e-01
-2.9156404412e+00 3.8086050271e+00 -1.0142291892e-01
-2.5105181273e+00 -4.0000000000e+00 1.0259784413e-02
1.5745271201e+00 1.3616780557e+00 1.4915039047e+00
-8.7664045462e-01 -3.3446513742e+00 3.7104672621e-01
-2.5818387499e+00 2.6927485194e+00 5.7582161772e-02
-1.9579935822e+00 -3.4638945683e-01 1.0569064405e+00
1.4179864675e+00 -4.0000000000e+00 -1.5262186671e-01
2.4907984588e+00 -2.3945568472e+00 -6.3186395509e-01
-2.6192073757e+00 3.4664819108e+00 -1.5357260505e-02
4.0000000000e+00 -4.0000000000e+00 -5.7936913262e-02
-2.6440009405e+00 -1.1212143108e+00 2.1944091429e-01
-7.8287820964e-01 4.7067127523e-01 1.5389562465e+00
7.7924176612e-01 -2.8652235794e-01 1.6491973668e+00
-1.1636335310e-01 -3.2884693959e+00 1.6542592264e-01
1.9036182387e+00 3.4227814602e+00 5.6600357523e-01
1.3510067438e-01 -1.4735351283e+00 8.2111374162e-01
1.2200618533e+00 -2.2645472198e+00 -1.0161443991e+00
3.4457331069e+00 -2.9288609906e+00 -6.5268005326e-02
-1.0154912860e+00 1.0512081003e+00 1.4899447737e+00
-7.9758813430e-01 3.2285437631e+00 -2.6275949719e-01
1.6760573564e+00 1.3561744200e+00 1.4586954683e+00
-6.4049067743e-01 1.0272888017e+00 1.4439830051e+00
-1.4844277018e+00 2.5778453221e+00 2.4861711777e-01
8.3115956511e-01 3.3807583901e+00 -7.2367580673e-02
-1.2112811853e+00 -4.0000000000e+00 2.5652412661e-01
-2.9368859434e+00 -8.7092519298e-01 2.8742532876e-01
2.5520333159e+00 9.9451491843e-01 5.8037917820e-01
-2.5642136089e+00 -2.9284490089e-01 6.5611839436e-01
-1.0878783778e+00 -4.0000000000e+00 2.7555153789e-01
-4.6401334857e-01 2.6654130090e+00 -2.3597801866e-01
2.7836071230e+00 1.1192725025e+00 3.9083063948e-01
3.2024539544e-01 5.7769333558e-01 2.3535049152e+00
7.9941729553e-01 -1.5227945577e+00 -1.3579422955e-01
1.3857061444e+00 3.2714552771e+00 3.0340709486e-01
2.5049032292e+00 1.9460639850e+00 9.3464046044e-01
3.8596397274e-01 -8.7987252244e-01 1.0492744281e+00
-2.4628360934e+00 5.2729450810e-01 4.0513882387e-01
-3.6193988102e+00 2.0176811889e-01 6.1351313676e-01
-3.6118622738e+00 -2.4684576539e+00 5.9515541937e-02
-9.3626126630e-01 -2.4121512907e+00 6.1758499851e-01
-3.0727283420e+00 2.5225294215e+00 -1.2917533080e-01
-2.8053952265e+00 2.4297729073e+00 -3.8175292870e-02
-2.0312957975e+00 -2.4263052159e+00 1.4688165176e-01
-3.2011814920e+00 1.3893966272e+00 -6.8424666814e-02
-6.7083500474e-01 4.0000000000e+00 -3.3715367316e-02
1.8192664997e+00 -1.3826148465e+00 -1.3157250106e+00
-3.1773219450e+00 2.2788796403e+00 -1.5216244829e-01
-2.6829957461e+00 4.8809790790e-01 2.8867880489e-01
-1.9425507863e+00 2.2719008125e+00 3.8671780696e-01
2.0589183453e+00 -1.9516383532e+00 -1.3494166937e+00
9.5886827494e-01 2.2215948060e+00 3.2789532378e-01
-2.0104187391e+00 -2.1849839861e+00 1.7225040671e-01
-2.1381992251e+00 1.1118602068e+00 7.5076423435e-01
1.8550956091e+00 -6.2406168924e-01 -9.7790098946e-02
2.1426584553e+00 2.0116824503e+00 1.0611575522e+00
1.8474098331e+00 -1.2607936502e+00 -1.2082835681e+00
-3.2150662569e+00 -2.2111549712e+00 1.1373019314e-01
-2.3501588278e+00 8.1281410659e-02 7.4292387458e-01
-2.7212011778e+00 8.1865869836e-01 1.0402810704e-01
1.7326532050e+00 -1.5867213470e+00 -1.4153888837e+00
9.6836625817e-01 -9.8649354987e-01 2.6529135237e-01
2.8486909715e+00 -2.3629442299e+00 -3.0937567185e-01
-1.2187144161e+00 1.6148972109e-01 1.4565960551e+00
-2.3669745939e+00 1.8922225618e+00 2.2442329499e-01
-3.0816090710e+00 3.9019500256e+00 -9.1211294571e-02
6.3612640708e-01 -1.8876541401e+00 -1.3057754586e-01
1.7654850217e+00 2.5293560244e+00 7.0805712432e-01
-7.7622176155e-02 7.9130925307e-01 1.8526896602e+00
-2.8331476670e-01 1.7442252294e+00 8.7780379167e-01
1.0082311446e+00 -1.4621701630e+00 -4.3376449716e-01
3.0773833115e+00 2.9829661484e-01 -5.5932172760e-02
-2.8118040199e+00 -4.0000000000e+00 4.3135814548e-02
-2.4238145997e+00 -3.2589715435e+00 1.2796649443e-01
2.6976111565e-01 4.0000000000e+00 3.6690672249e-02
2.5336677577e+00 -1.5948848389e+00 -1.0491729811e+00
-3.3320821435e+00 2.1842582071e+00 -1.8173873175e-01
6.5955382383e-01 8.0746337534e-01 2.3242512965e+00
1.9921869082e+00 1.4378712612e+00 1.2323396238e+00
3.6620700537e+00 -1.5614587808e+00 -1.1826472705e-01
6.1640179440e-01 -3.1081294685e+00 -3.2039118881e-01
-3.0639892046e+00 -1.9897037269e+00 1.1629781197e-01
3.8263143553e+00 2.3169308793e+00 1.5736508911e-01
5.5571235784e-01 -1.9602827481e+00 -5.0884309367e-02
-3.6997814835e+00 3.5338513367e+00 -1.8406842131e-01
6.3687927296e-01 -4.0000000000e+00 7.8494068146e-02
-1.5275663872e+00 3.9931828099e-01 1.2856329595e+00
2.5856159045e+00 2.4902254247e+00 9.2040504112e-01
1.9207222134e+00 -1.9612126721e+00 -1.4080372859e+00
1.4760799042e+00 2.4074139893e+00 5.2742898228e-01
-1.3183756580e+00 -3.1411975051e+00 3.6555691051e-01
-2.9578979103e-01 -1.3710708102e+00 1.1293497009e+00
3.3843233662e+00 1.2321984607e+00 2.4981307848e-01
5.6166075615e-01 7.4366865554e-01 2.3652922448e+00
2.7262946347e+00 2.8987045658e+00 7.2728235390e-01
1.8304726472e+00 -2.3629863459e+00 -1.1678743155e+00
-2.6296625265e+00 -4.0000000000e+00 1.8356581781e-02
1.0504604494e+00 -2.2758176035e+00 -8.4132334849e-01
-5.7888678225e-01 -1.0350966318e+00 1.2247854403e+00
2.1642560581e+00 -1.5766151451e+00 -1.3655084134e+00
-1.0482978876e+00 2.2941094258e+00 3.8927107055e-01
1.4197257305e+00 -9.1973874803e-01 -2.3798475316e-01
-3.4470150215e+00 -2.8479838501e+00 3.3929473249e-02
-2.0821987926e-01 4.0549896170e-01 1.9648711469e+00
-2.9643580759e-01 7.4679018799e-01 1.7037648009e+00
1.1790091879e+00 -1.4800332856e+00 -7.3165036585e-01
2.7632327629e+00 -2.4711023664e+00 -3.3834837796e-01
4.0000000000e+00 -3.7275796192e+00 1.4029125534e-02
3.1354129950e+00 2.0475388012e+00 6.0683562346e-01
1.2166428541e+00 -2.5077241399e+00 -9.5337415305e-01
3.3326189643e+00 -3.6434478525e+00 -9.9896366638e-02
2.2692151871e+00 3.7988090168e+00 3.4705512319e-01
2.9095680467e+00 2.1025740971e+00 7.4179305721e-01
-2.7628615993e+00 -3.0972875098e+00 6.6822961909e-02
2.7938554098e+00 2.3813416151e+00 8.2703750989e-01
2.5696955044e+00 2.4489744769e+00 9.3342797580e-01
1.9937341163e-01 -2.3644888122e+00 1.5774881769e-01
-4.3736574177e-01 1.4068610906e-01 1.8572588333e+00
-1.0254685806e+00 1.9532274032e+00 8.7591689714e-01
2.7809019620e+00 -1.4936383259e+00 -7.9963571653e-01
1.3112940404e+00 3.4149175864e+00 2.6258383532e-01
-1.4757808363e+00 -1.2746669908e+00 9.2482340952e-01
-3.8021505909e+00 -1.3155742044e+00 2.4246752795e-01
1.1975740727e+00 -1.1707305869e+00 -3.8311491406e-01
-4.1597427168e-02 -7.5152798030e-01 1.2865720179e+00
-3.0824931886e+00 3.8183154873e+00 -1.0506410166e-01
-2.1203656079e+00 -1.4704465252e+00 3.4146491159e-01
-3.3239363604e+00 8.6152469339e-02 5.9608253918e-01
1.8178889128e+00 1.0854673702e+00 1.5179136459e+00
-4.0000000000e+00 -7.8010460835e-01 3.5759460073e-01
-9.8711571398e-01 -7.2941358251e-01 1.2545670159e+00
-1.7515835078e-01 -9.1057782597e-01 1.2268102386e+00
-4.0000000000e+00 -9.7981586194e-01 3.0821274725e-01
6.8406068528e-01 2.4680985607e-01 2.3830960746e+00
-1.3224870952e+00 3.0434747534e+00 1.2767984941e-03
-5.8938821247e-01 3.0839954666e+00 -3.6204629922e-01
1.4457770644e+00 -1.8687519577e+00 -1.2855006970e+00
-3.6605001434e+00 -2.4226764248e+00 5.9801402821e-02
-2.8960158746e+00 -4.0000000000e+00 5.7619975633e-02
-6.7605188915e-01 3.3178528602e+00 -2.9697439592e-01
1.8152397134e+00 2.6990949983e+00 6.8716611090e-01
-2.4298034559e+00 3.1386723756e-01 5.6071966667e-01
-4.2764656252e-01 2.6584665364e+00 -2.4221454743e-01
9.3904342451e-01 1.9299585998e+00 6.9591889134e-01
1.8264502662e+00 -5.2399661467e-01 1.2288030432e-01
1.9183900389e+00 -1.6514645843e-01 5.5311560924e-01
-1.8468898379e+00 -1.4611172018e+00 5.5980676962e-01
1.7924095508e+00 2.5849129322e+00 7.0770287430e-01
1.5256859730e+00 -1.6080576707e+00 -1.2849791474e+00
1.5189063854e+00 -4.4041450599e-01 6.7112962654e-01
8.2298326041e-01 -1.9553428034e+00 -4.6212525739e-01
-7.2686534603e-01 3.2867990478e-01 1.6290417810e+00
1.0765989608e+00 1.5687628306e+00 1.2406773808e+00
4.0000000000e+00 7.1220380147e-01 3.1415030817e-01
2.3622115763e+00 -2.5409311808e+00 -6.6297250321e-01
2.4939689898e+00 3.4282171110e-01 2.9916930219e-01
7.7487545002e-01 -2.3389752954e+00 -5.2556635773e-01
2.5703993092e+00 4.1972123272e-01 2.8729312745e-01
-3.8203257027e+00 -1.6986123778e+00 1.5704981272e-01
1.1786538250e+00 2.7936887674e+00 1.0591302645e-01
1.4435557683e+00 3.4812549693e+00 3.4648641077e-01
-4.0000000000e+00 4.8232196265e-01 6.2033145576e-01
-3.6044509971e+00 2.0630059306e+00 -2.2128942075e-01
1.4394653508e-01 3.1467029395e+00 -4.5951171846e-01
-3.9927892343e+00 -1.0896706210e+00 2.8153210518e-01
5.9907478580e-01 2.1653744926e+00 2.8399969053e-01
-3.8567642589e-02 -2.6574269327e+00 2.1034644725e-01
-3.7888508426e+00 -2.1864341517e+00 6.8905594947e-02
-3.8353809975e+00 2.0275052021e+00 -2.6612842982e-01
7.1342061853e-01 -3.3060411323e+00 -2.7935449334e-01
-2.1850772519e-01 2.0128624427e+00 4.8661493934e-01
2.9012935847e+00 3.5645237465e+00 3.2306626274e-01
-2.8508285163e-01 4.3218899401e-01 1.8863522317e+00
-1.1523619499e+00 -2.0268925883e+00 7.9545767947e-01
-1.2284230395e+00 3.7444251670e+00 -2.2325985821e-02
8.6814146041e-01 2.2169014077e+00 2.9603173877e-01
2.9868275650e+00 1.5591372264e+00 4.7293342107e-01
3.3525234627e+00 -4.0000000000e+00 -6.0167942329e-02
-1.6169262939e+00 -2.0184950285e+00 4.8237541999e-01
-3.8151398127e+00 -3.8657538256e+00 9.7946422234e-02
-1.7122844688e+00 -8.6359567318e-01 9.7815630957e-01
3.1218656800e+00 1.3210615564e-01 -1.8597765370e-01
1.6064221293e+00 -2.1792978754e+00 -1.2954011262e+00
8.4042435499e-01 1.2703395359e+00 1.6579696977e+00
1.3665280622e+00 1.9196597345e+00 8.7820552389e-01
-8.8333407149e-01 2.7382757008e+00 -1.0761315367e-01
-1.2335283194e+00 -3.2332963401e+00 3.7511232148e-01
3.6811899260e+00 2.3807989662e+00 2.4803948164e-01
-2.3814173493e+00 3.6967866963e+00 -9.7839453536e-03
-1.5312737808e+00 1.0818922107e-02 1.3310537949e+00
8.3308408790e-01 1.4307515259e+00 1.4140389976e+00
-8.0811742799e-02 -7.4927185207e-01 1.2895191848e+00
-1.1409043986e+00 -5.7065884902e-01 1.3026433600e+00
7.3886613826e-01 1.4418883966e+00 1.3852746747e+00
3.0402562595e-01 2.2733843045e+00 9.5096769421e-02
-9.6138861491e-01 -1.6760024999e+00 1.0576661045e+00
1.3766007678e+00 -2.4033659610e+00 -1.0907687789e+00
1.3820353090e-01 2.1152674026e+00 3.0541614643e-01
-8.7493905429e-01 2.0658385570e+00 6.3575646072e-01
1.0783495386e+00 2.9666992347e+00 6.5714273980e-03
1.7619404636e-01 -1.9089070370e+00 5.0209121756e-01
2.9882331148e+00 -3.9372125977e-01 -5.5153374866e-01
-1.6810648496e+00 2.0991040620e+00 6.8025809090e-01
-4.0000000000e+00 1.9421530808e+00 -2.7881301389e-01
2.5965701744e+00 1.5718690782e+00 7.2605500183e-01
-1.6166576961e+00 1.5455806450e+00 1.3115469171e+00
3.3095060089e+00 -2.8869757219e-01 -3.6526331446e-01
1.5936555399e+00 2.2121990551e+00 7.4852342317e-01
-1.1835385346e+00 -4.7842776872e-01 1.3388183961e+00
-1.9748502115e+00 4.0000000000e+00 -8.7697640543e-02
1.2940427914e+00 2.9198483470e+00 1.9005352820e-01
2.4362734969e+00 2.4725653054e-02 2.0741515514e-02
4.0000000000e+00 -3.0097963862e+00 3.6597283936e-02
3.1031912078e+00 3.1265423982e+00 4.0183924312e-01
9.4229075430e-01 1.6019038130e+00 1.1737645333e+00
-2.1806056648e+00 5.9765792656e-01 6.7928345772e-01
-4.0000000000e+00 3.2112967926e+00 -2.2569356253e-01
-2.5625802171e+00 -2.6365177476e+00 9.8301741690e-02
1.3575591951e+00 1.8551079505e+00 9.4814504142e-01
-3.4262789012e+00 -1.1398661180e+00 2.6433316614e-01
1.4754917711e+00 -1.8907691279e+00 -1.3123863064e+00
-1.8081108821e+00 2.6773648679e+00 2.2802316323e-01
-2.9552177925e+00 -3.6873677928e+00 3.2330634155e-02
-1.8911441397e+00 4.3410429049e-01 1.0144630307e+00
-8.7096163980e-01 8.4990766990e-01 1.4613955257e+00
-2.7363453700e+00 -1.2661080579e+00 1.5478992260e-01
-3.4609746870e+00 -2.1948187482e+00 1.0951166972e-01
-3.3893773749e+00 6.4372001913e-01 2.8614106628e-01
2.6165263314e-01 -2.8681092072e+00 -9.5087601264e-02
-3.7375138924e+00 2.6951856846e+00 -3.1925029956e-01
8.5246792155e-01 1.8748623050e+00 7.5637470958e-01
5.2648637313e-01 -1.4098164841e+00 3.9708541247e-01
-2.2512499293e+00 -6.1690253351e-01 7.4987084154e-01
2.0418637984e+00 4.4804419190e-01 1.1035973964e+00
1.6945833591e+00 1.9008421670e+00 1.0402899844e+00
7.5606676204e-01 8.9244441808e-01 2.2303732398e+00
4.0000000000e+00 4.0000000000e+00 -8.7195015025e-03
4.0000000000e+00 6.2019863343e-01 3.3010354209e-01
2.2637919566e+00 2.0811473711e-01 4.7720678036e-01
3.0963194894e+00 1.0434594038e+00 2.4278703523e-01
-1.8590915429e+00 1.8358555109e+00 8.4560231466e-01
-1.9465247858e+00 4.0000000000e+00 -8.4356742962e-02
-3.3623476629e+00 8.8448388237e-01 1.3798547474e-01
-4.0000000000e+00 6.6575691765e-01 5.3028491488e-01
-2.0765464768e+00 1.0695809421e+00 8.4497945737e-01
1.0585825079e+00 -1.2472556828e+00 -2.7136215562e-01
2.6797151505e+00 1.1064989373e+00 4.7176424806e-01
-6.2188323757e-01 -1.2754436193e+00 1.1959432366e+00
-3.0322577657e+00 2.3733934545e+00 -1.1407758481e-01
8.9337904386e-02 1.3111654336e+00 1.4023939331e+00
-4.0000000000e+00 -4.0000000000e+00 5.5436261830e-02
7.3398555170e-01 -1.8359386372e+00 -2.5614880514e-01
1.4772626150e+00 -1.7586875529e+00 -1.2989504755e+00
1.8744531588e+00 6.6546194154e-01 1.5109742816e+00
-2.4866336772e+00 9.8545568561e-01 2.5989786908e-01
-6.4898373630e-01 -2.1568768818e+00 8.2345587199e-01
2.4076159086e+00 -1.2386412268e+00 -1.1255295596e+00
-2.1670662379e+00 1.4967067172e-02 8.9925433897e-01
2.5242791767e+00 -2.8512046628e+00 -3.8407293448e-01
2.8380275517e+00 -1.4652410884e+00 -7.4501339043e-01
-7.6067262764e-01 -2.4178886033e+00 6.3439653072e-01
3.4090591023e+00 -1.5032669935e+00 -2.3915008375e-01
-2.0583785345e+00 3.0119945629e-01 8.9208056870e-01
5.9281149470e-01 1.3592115036e+00 1.4843958681e+00
3.5856076343e+00 2.6192800800e+00 2.7162365212e-01
2.6952184126e+00 -1.1257019601e+00 -9.0438610230e-01
2.4640979617e+00 2.9199796446e+00 8.2381617864e-01
1.8388994847e+00 -1.9121139539e+00 -1.4465904413e+00
1.5001958523e+00 -3.2197941372e+00 -5.5723990351e-01
1.8746063721e+00 -2.0820667367e+00 -1.3527679307e+00
-3.3329088745e+00 2.3385071175e+00 -1.9748915693e-01
8.2567480753e-01 -1.4735818951e+00 -1.3548715238e-01
-3.5575239438e+00 -1.3948484908e-02 6.3576185161e-01
1.9471204516e+00 2.2039353041e+00 9.6079783136e-01
-7.1795793548e-01 1.1320007840e+00 1.4226493884e+00
1.0889177517e-01 5.5863852447e-01 2.1895231418e+00
-2.4383502199e+00 1.0075942312e+00 3.1571215244e-01
-2.5389394415e+00 2.8801037758e+00 7.6510465683e-02
9.0914245935e-01 7.8701230177e-01 2.3544491343e+00
-3.4976149358e-01 -2.1821300187e+00 7.2849063445e-01
1.0638157973e+00 -2.5213479042e+00 -8.3343347496e-01
1.0898355931e+00 1.4274707238e+00 1.4418006994e+00
-1.6339540174e+00 -7.2923281612e-01 1.0993197502e+00
5.8298031233e-01 1.0691868315e+00 1.9264313268e+00
-6.9659968390e-01 2.8330516133e+00 -2.4809039120e-01
-2.3000339738e+00 3.0657584593e+00 1.4321326192e-01
1.4437310615e+00 -1.1960543849e+00 -7.7538512375e-01
-3.2867725197e+00 2.2264736954e+00 -1.7545710452e-01
-1.8199239476e+00 1.9618527397e+00 7.5040103867e-01
1.1863276901e-01 2.4048469491e+00 -7.5841880896e-02
1.0501875666e+00 -1.4781089060e-01 1.6766853727e+00
2.1843876035e+00 4.8763724517e-01 8.9768059993e-01
9.4640441202e-01 1.6167493861e-01 2.1954702521e+00
-2.4323699694e+00 2.1845779886e+00 1.0997776510e-01
2.4503964048e+00 -1.4060614581e+00 -1.1403361560e+00
7.7343521583e-01 3.0092747416e+00 -2.0780847448e-01
-1.8154758416e+00 -1.1095246743e+00 7.5973956562e-01
1.2897945977e+00 -3.3292403039e+00 -4.6038885605e-01
1.9736096200e+00 2.4251188452e+00 8.8799683519e-01
-2.1898419827e+00 -1.6517452832e+00 2.2550905658e-01
8.6313845072e-01 -9.6651875898e-01 4.4414247397e-01
-2.0797044818e+00 -1.0761806999e+00 5.7473370253e-01
-2.6286630995e-01 1.1457593879e-02 1.9323548507e+00
2.6810455976e-01 2.1281487716e+00 2.9158598248e-01
-8.3473466581e-02 -1.2939735582e+00 1.0681773971e+00
-1.7285060677e+00 1.8396716108e+00 9.6674304258e-01
-1.1860944974e+00 -7.1968770661e-01 1.2363558499e+00
2.9498575497e+00 2.3621746762e-01 -1.0955567941e-01
1.5542584978e+00 9.9336871018e-01 1.8211334925e+00
4.0000000000e+00 3.9628728728e-01 3.6152429621e-01
-2.9794524488e-01 -9.0377242589e-01 1.2380144674e+00
-1.8842747277e+00 1.2904429151e+00 1.1196711518e+00
6.9281534508e-01 2.5084390271e-02 2.1278805168e+00
-2.9549247672e+00 -5.6534436461e-01 4.2616339234e-01
-9.4921296125e-02 1.5096848487e+00 1.1411331133e+00
6.1211603806e-01 9.5075380589e-01 2.1174247579e+00
4.0000000000e+00 -2.1693295589e+00 -8.1112031312e-02
4.0000000000e+00 1.0819699036e+00 2.4664040074e-01
1.1336628930e+00 3.9011689297e-01 2.3054899581e+00
-3.1496752106e+00 2.5129087345e+00 -1.5465777564e-01
2.6483319652e+00 -1.0049185909e+00 -8.9937261138e-01
2.1022619695e-01 2.0924219504e+00 3.4151564789e-01
-3.0613209746e-01 -4.0000000000e+00 2.8082181352e-01
1.0852976594e+00 -3.4256164913e+00 -3.5115552138e-01
-1.8934940586e+00 -8.9270279336e-01 8.3723834322e-01
-2.4124887885e+00 1.2138447985e+00 3.2948379670e-01
-1.7185463379e+00 -2.4143406298e+00 2.7137646939e-01
1.0888601878e+00 -2.3298996975e+00 -8.8036951371e-01
2.4241532965e+00 -2.3914057970e-02 -1.6861642129e-02
2.0233941233e+00 -1.7342712082e+00 -1.4370979348e+00
-2.2742372216e+00 2.9091657077e+00 1.5027946140e-01
2.8602631201e+00 -3.3289372283e+00 -2.2154733714e-01
-1.5389192885e+00 -2.5046308580e-01 1.3103188188e+00
-2.1730323777e-01 1.5974856696e+00 1.0413038670e+00
2.3002943381e+00 4.0000000000e+00 1.9728002335e-01
8.6043318971e-01 -1.9220920735e+00 -5.0572072704e-01
1.2641495236e+00 5.8441931192e-01 2.2749931434e+00
4.9765680132e-01 2.0971182593e+00 3.6221007238e-01
1.7387900119e+00 1.9047332175e-01 1.3352642332e+00
7.6277675162e-01 2.7828995271e+00 -1.7965461143e-01
-2.3689897189e+00 -4.6649662419e-01 7.3032317854e-01
-2.7896255784e+00 6.9949813477e-01 1.2849011851e-01
2.5887711144e+00 4.1180415606e-01 2.6053194464e-01
1.6708752977e-01 2.4436049676e+00 -1.1605803799e-01
3.6189244879e+00 3.2656361807e+00 1.5500096113e-01
2.4403784921e+00 -1.5992430340e+00 -1.1463969580e+00
-3.0142832560e+00 4.0000000000e+00 -7.9759388372e-02
1.5204146722e+00 2.0019454028e+00 8.7461975194e-01
6.4006030507e-01 -9.7832703492e-01 7.0502916557e-01
8.9096971706e-02 1.2435447266e+00 1.4814398930e+00
-2.1845503638e+00 -1.5666657908e+00 2.5900003748e-01
1.6853917879e+00 4.0000000000e+00 2.5225486954e-01
1.1520112728e+00 1.0253689066e+00 2.0014610889e+00
-2.3004528723e+00 -1.6010885711e+00 1.7903554698e-01
-3.7547830773e-01 1.1513177595e+00 1.4146854122e+00
5.2886090159e-01 -3.4846176383e+00 -1.0627236519e-01
-1.9101030818e+00 3.1802519043e+00 1.7042459808e-01
-4.0000000000e+00 4.0000000000e+00 -1.5298006221e-01
1.2991266904e+00 1.3712517947e+00 1.5226120927e+00
2.0644654461e+00 6.6933816426e-01 1.2062318866e+00
-1.6299082374e+00 2.8573610452e+00 1.5311284436e-01
-3.7799078179e+00 2.6752259584e+00 -3.2757118170e-01
1.8076934528e+00 1.5347338467e+00 1.2894763036e+00
9.0517036837e-01 -3.7489604546e-01 1.4307037839e+00
8.4578050524e-01 1.7732961586e+00 9.0637457311e-01
2.7829346185e+00 3.2919320712e+00 4.9531490213e-01
4.0000000000e+00 9.4893015877e-02 3.4844433387e-01
1.6558770757e+00 -9.6180355143e-01 -6.0596585929e-01
-3.4454316308e-01 1.5437447971e+00 1.1044014295e+00
-2.4640255221e+00 -2.6445347778e+00 1.0293827685e-01
-2.7574914525e-01 -2.4040304789e+00 5.2250329494e-01
-1.1909578162e+00 3.1474163423e+00 -6.9320717972e-02
2.0172297950e+00 -1.4839978813e+00 -1.3941790593e+00
4.0000000000e+00 -7.4366204027e-01 -3.2973690269e-02
4.0000000000e+00 5.0197701036e-01 3.4871188972e-01
4.7039765014e-01 -1.4930064566e+00 4.0881757679e-01
-2.2711194400e+00 2.2154495386e+00 2.0621447621e-01
3.4261600993e+00 2.1546323349e+00 4.4400027389e-01
-5.6084343937e-01 4.0000000000e+00 -3.5030407233e-02
-6.7802966008e-01 5.3564063058e-01 1.5594378747e+00
-3.6563661905e+00 -2.4696860338e+00 5.5789166476e-02
-1.7828537906e+00 -8.9387809176e-01 9.1376202400e-01
1.5433358766e+00 3.6006165989e+00 3.7713231738e-01
2.8506862244e+00 -1.3225113571e+00 -7.6442436177e-01
4.8445698156e-01 2.4791651508e+00 -1.0024895274e-01
6.3873366687e-01 2.5933319203e+00 -1.4199423158e-01
6.8576912895e-01 3.5030188991e+00 -1.0527096923e-01
-4.2066000136e-01 -2.5998317084e+00 4.5933302068e-01
2.3742894408e+00 2.0272959908e+00 1.0132108985e+00
2.2476663771e+00 2.3172327503e+00 1.0097251315e+00
-3.8511455136e+00 2.0553507141e+00 -2.7854163399e-01
5.0811694142e-01 -1.7860141801e-01 1.9034581149e+00
-5.9900845858e-01 -6.3542154617e-01 1.3149201890e+00
3.1786601860e+00 2.0258841628e+00 5.7935116744e-01
-1.5632403615e+00 5.2290523700e-01 1.2679308130e+00
2.7227124672e+00 -3.2939844726e+00 -2.5326572286e-01
2.6531885182e+00 3.5690299673e+00 4.0698374726e-01
-2.1149618257e-01 4.8073138820e-01 1.9286614858e+00
9.1576806175e-01 3.0111775364e+00 -1.1351589568e-01
2.8860683833e+00 3.2111504105e+00 4.8182145259e-01
-1.0929723974e-02 -6.5022257382e-01 1.3582841452e+00
3.2614198850e+00 4.0488528155e-01 5.2398712603e-02
-3.0145772507e+00 -2.4936173709e+00 8.8736538951e-02
-1.0188694788e+00 2.6044496033e+00 5.3974870109e-02
-4.0000000000e+00 -1.3681200345e+00 2.0799240392e-01
2.2920429415e+00 -5.6015538873e-01 -4.3486011187e-01
3.1584082249e+00 2.0851969794e+00 6.0049493970e-01
-2.6988640555e+00 1.7237857665e+00 -1.9090483926e-02
-1.7075817873e+00 4.4072270284e-01 1.1709905780e+00
2.1662989956e+00 -9.1333538318e-01 -8.5562082054e-01
1.9271704811e+00 2.3626566103e+00 8.8594367875e-01
-1.5065824682e+00 -1.3283678917e+00 8.8341954014e-01
2.9374456119e+00 2.6120537750e+00 6.9985014387e-01
-1.5319697159e+00 -2.1628013849e+00 4.6840014399e-01
1.9292494967e+00 1.4235207231e+00 1.2799704155e+00
-1.4330120701e+00 3.9167967016e-01 1.3296667895e+00
3.0731980494e+00 -1.0455232876e+00 -6.0939617165e-01
-3.5888954696e+00 3.5180620200e-01 5.4465043911e-01
1.5130960856e+00 9.6352916586e-01 1.8775607420e+00
-9.2147863463e-01 -2.8673320014e+00 4.1788415145e-01
2.6164601486e+00 -8.1813547114e-01 -8.0931135467e-01
-2.3078304700e-01 1.7593770958e+00 8.5220118560e-01
-3.6832406049e+00 -1.2887965865e+00 2.5179606499e-01
1.4222719873e+00 -1.5952022258e+00 -1.1672341408e+00
-3.1683765388e+00 -1.6189772177e-01 5.8845509523e-01
1.5385208467e-01 -1.5264283406e+00 7.7155440978e-01
8.3474535816e-01 -1.9065171427e+00 -4.5770607881e-01
-2.5341367345e-01 -3.0418822402e+00 2.3092926011e-01
-3.4919564916e+00 6.5649055113e-01 3.2148775595e-01
1.7144461199e+00 -1.7761979569e+00 -1.4553584141e+00
-6.1891194713e-01 -2.3157009354e+00 7.0180274156e-01
1.8199293824e+00 2.4460725563e+00 7.8289541950e-01
1.5009544468e+00 -3.2744502974e+00 -5.1779367978e-01
1.6471102305e+00 -2.9071058240e+00 -7.9905579060e-01
-6.5089286598e-01 -2.7238949303e+00 4.5322494779e-01
-4.0000000000e+00 2.4928566306e+00 -3.7639012266e-01
2.6695704357e+00 1.4567230691e+00 6.1145758869e-01
-1.2240309492e+00 -2.1969711411e+00 6.4638873295e-01
-2.2338975514e+00 1.6762286026e+00 4.6760550529e-01
2.2781648787e-01 -1.9592532277e+00 4.0495280119e-01
1.5672627353e-01 -2.1715793902e+00 3.3698731657e-01
-6.2519558998e-01 1.8642409203e+00 8.2209136825e-01
-3.4714060409e-02 -2.0355235187e+00 6.2896396597e-01
1.5526878456e+00 1.6790280072e+00 1.1976759573e+00
-7.6271089871e-01 -2.9228624670e-01 1.5355094858e+00
9.8268698362e-02 -3.1712571253e+00 3.7207537592e-02
1.3369570553e+00 8.0981716203e-01 2.1326346872e+00
-1.4153383936e-01 -1.7060037470e+00 9.2205836317e-01
8.3859822221e-01 -3.4772307013e+00 -2.3931391383e-01
-3.0357388729e+00 -2.0821120797e+00 1.0919474414e-01
-2.6053512165e+00 -2.9634504554e+00 1.0456389914e-01
9.1503677235e-01 7.0997816568e-01 2.4223453281e+00
3.1302158768e+00 -2.6804260923e-01 -4.4746932498e-01
